mz	time	Statistic
153.1273	569.9	0.258038503
174.9919	570.5	0.020357606
181.1586	569.3	0.010553421
189.1637	568.8	0.014795059
193.1587	569.2	0.033264761
211.1692	569.2	0.004342736
219.1379	569.3	0.0484674
223.0964	568.8	0.025029909
245.2262	569.5	0.016284391
246.2295	569.7	0.053044552
250.9999	570.5	0.030020638
252.997	570.5	0.024332062
263.2367	569.1	0.018634232
264.24	569.3	0.008889156
281.2473	568.8	0.011526638
282.2506	569	0.012255689
298.3466	570.6	0.029863785
301.2643	570.2	0.012650073
311.1851	569.6	0.018952601
319.2747	569.8	0.010970729
322.2738	569.1	0.013031627
328.0112	570.5	0.037686939
330.0082	570.4	0.026104692
332.0052	570.5	0.032567444
332.9988	570.5	0.020263835
340.2538	569.2	0.007360096
348.9898	570.4	0.041210816
350.9868	570.5	0.033602034
352.9838	570.5	0.053211581
355.2242	569.6	0.028662925
372.0657	570.4	0.045128594
374.0627	570.5	0.04129836
387.0401	570.3	0.04108358
388.043	570.1	0.031633157
389.0372	570.4	0.041011209
391.0342	570.5	0.086655021
400.097	570.5	0.02580841
402.0941	570.5	0.062896677
411.2063	569.2	0.022022408
414.0763	570.6	0.01750822
416.0732	570.5	0.026949338
418.0703	570.3	0.026593596
426.1127	570.5	0.024148942
428.1097	570.5	0.029870661
467.1142	570.6	0.021345673
138.9063	94.9	0.195979387
140.9034	94.9	0.152639721
142.9005	94.8	0.333862752
163.0008	95.1	0.078331915
196.8649	94.7	0.20887526
198.862	94.6	0.329564198
200.859	94.8	0.328664231
202.8561	93	0.269241474
206.8937	94.7	0.15643414
208.8908	95	0.169555887
210.8878	93.6	0.208441397
216.9225	94.9	0.252257364
218.9195	95.2	0.269298183
237.8913	94.7	0.233908659
239.8884	93.3	0.302286815
247.9201	93.4	0.051980179
256.8203	94.7	0.280579118
258.8174	94.9	0.327161882
260.8145	94.2	0.361261894
264.8521	93.6	0.164212991
274.8809	93.7	0.173738234
276.878	93.7	0.120419752
278.875	93.7	0.295868237
284.9098	95.1	0.331981349
286.9068	93.4	0.298778927
312.7819	94.9	0.162205517
318.7731	94.6	0.242898787
322.8107	93.6	0.070155334
326.8048	95	0.236574208
332.8395	93.6	0.100248809
334.8365	93.6	0.14067215
336.8335	93.7	0.246090125
342.8684	93.6	0.325367971
344.8653	93.6	0.092679628
346.8624	94.6	0.323874214
352.8971	93.7	0.175918936
353.9005	93.3	0.070096696
354.894	93.2	0.143842843
370.7406	94.1	0.208975905
372.7377	94.4	0.165832531
374.7347	94.4	0.195624084
376.7317	94.2	0.230074669
380.7695	94.4	0.12708318
382.7665	94.5	0.077818681
384.7635	94.5	0.112976331
386.7604	94.1	0.32495146
390.7982	94.9	0.307730007
392.7951	93.6	0.218599924
394.7923	94.8	0.263411018
396.7892	93.5	0.29772961
400.827	93.6	0.159216901
402.824	93.6	0.129377043
410.8557	93.6	0.253254613
412.8528	94.9	0.293668974
422.8815	93.8	0.360254529
432.6934	94	0.299239088
438.7281	94.1	0.260839778
440.7253	94.2	0.187933076
442.7223	94.1	0.266922737
444.719	93.9	0.254364757
448.7569	93.5	0.232602158
450.754	94.3	0.254408262
452.751	94.4	0.261246182
454.7479	93.4	0.296464602
458.7857	94.5	0.349823186
460.7827	94.5	0.289736898
462.7796	94.4	0.321913745
464.7768	93.4	0.282101767
468.8145	94.1	0.221632225
470.8114	94.5	0.309887713
472.8085	93.7	0.311296042
478.7539	96.6	0.094212196
478.8434	94.4	0.326502782
480.8402	94.5	0.245742871
488.872	93.2	0.323306268
490.6518	93.6	0.281379743
498.6837	93.2	0.132799214
500.6807	93.9	0.245996363
506.7155	93.9	0.253991576
508.7126	94.1	0.322300563
516.7443	94.1	0.356564948
518.7413	94.3	0.302686283
520.7383	94.2	0.215093827
522.7354	93.3	0.216941631
526.773	93.6	0.312634537
528.7701	94.3	0.26398798
530.7672	94	0.209697404
532.8948	88.1	0.052041195
536.8018	94.4	0.351769836
538.7989	94.3	0.322355113
540.7959	93.4	0.192657633
546.8306	94.1	0.287957007
566.6709	93.9	0.277116871
568.6681	93.3	0.272536784
570.665	93.1	0.225583259
574.7026	93.8	0.295490537
576.6998	94.1	0.226171635
584.7314	93.5	0.337689171
586.7285	94.1	0.360896339
588.7256	93.5	0.215162424
594.7602	93.9	0.275839258
596.7574	93.9	0.253143803
598.7545	93.4	0.244909658
604.7891	93.6	0.337997763
606.7862	93.7	0.352962908
614.8179	93.3	0.241199557
616.8151	93	0.301012374
624.6294	93	0.222312163
626.6264	93.1	0.237453409
642.6899	93.2	0.318748577
644.687	93.4	0.202579825
652.7187	93.3	0.339547347
654.7159	93.4	0.172738142
656.7128	93.3	0.125486308
662.7475	93.4	0.357213147
664.7448	93.6	0.241683572
672.7763	93.2	0.337671846
674.7733	93.1	0.331272188
692.6166	93	0.35157655
694.6138	93.1	0.333327382
702.6454	93.2	0.246620476
704.6426	93.1	0.233215624
710.6771	93	0.04020321
712.6742	93.4	0.175578867
714.6714	93.2	0.337684955
198.1852	567.8	0.026702096
225.1847	569.2	0.034115218
258.2789	564.9	0.049210612
265.1044	562	0.022497986
299.2578	569.9	0.016743737
300.2612	570	0.014520496
304.2997	560.8	0.037032582
309.1306	561.9	0.041900166
317.2684	569.7	0.018406367
318.2718	569.9	0.010423005
325.2371	563	0.005905048
328.248	562.5	0.018336348
329.2514	562.6	0.013886688
331.0019	570.4	0.016112402
339.2503	569.8	0.02263058
327.0078	570.5	0.028836563
380.2557	563.5	0.060846733
469.1111	570.7	0.023572908
182.0406	98.9	0.062648464
206.0899	98	0.016525564
278.1221	98.2	0.132992842
323.1113	100	0.144056958
398.0777	98.8	0.046816081
512.1208	96.6	0.112041335
541.1554	98.3	0.022505311
557.1292	99.7	0.041766488
104.0306	147.4	0.03600443
111.541	148	0.022222142
113.0359	148.4	0.036743009
115.5574	143.5	0.00826446
116.0021	148.6	0.146052134
120.0446	149	0.03605049
123.5452	148.2	0.033523847
123.5505	148.1	0.007156654
124.0412	144.6	0.043350232
124.0437	143	0.112301216
125.038	144.2	0.022493646
125.0452	147.7	0.193661235
125.986	148.2	0.008564616
126.5366	149	0.258862104
126.5422	148.2	0.00878014
131.5524	148.3	0.026580895
138.0273	144.5	0.144046021
140.0212	148.1	0.336174932
141.0063	146.1	0.071623319
141.0508	144.5	0.062062216
143.0108	148.4	0.053809984
143.5621	147.8	0.108310035
143.9967	149.2	0.087188673
152.0361	145.2	0.065865845
153.0327	145.1	0.031341288
154.0049	148	0.060413281
156.9839	148.4	0.030166398
157.0284	148.3	0.038819639
161.9983	149.2	0.118693126
164.0668	144.5	0.232740065
165.0703	144.5	0.082419028
166.0534	143.4	0.30044383
166.0643	143.9	0.287937932
168.01	148.3	0.153398641
168.0161	148.4	0.044492221
169.0088	148.8	0.140757803
169.0356	147.9	0.192891697
169.0457	144.9	0.020674319
179.0539	144.1	0.013502714
181.0284	149.3	0.158087401
181.0397	148.1	0.356433871
182.0329	145.7	0.053964688
182.5117	149.7	0.014298937
187.526	149.5	0.032564741
192.0742	152.3	0.06893379
193.0284	150.8	0.237439582
193.0623	145	0.032449672
194.0593	144.3	0.020407799
198.0105	148.7	0.05164973
200.0076	148.4	0.025561379
209.0426	148.5	0.052069205
210.0353	148.8	0.036914388
210.0722	145.5	0.213919253
212.0322	148.6	0.08204745
213.0182	149.2	0.016412375
226.0497	148	0.166432205
254.9866	144.8	0.027886236
255.9439	148.8	0.035157036
256.9838	144.2	0.020234874
260.9353	147	0.023570737
265.0156	145.9	0.003949351
266.0164	144.8	0.061102371
267.0129	144.9	0.053079894
272.9613	147.5	0.053898667
276.9129	148.4	0.076163448
278.8929	151	0.230949989
278.9099	149.1	0.114894156
280.9929	146.8	0.087146094
286.9417	148.3	0.127971926
288.9387	148.5	0.029923365
296.9705	148.4	0.02930509
297.9739	148.9	0.089906799
304.6902	148.5	0.01817482
317.9394	149.1	0.021704831
90.5263	148	0.046396933
94.5441	144.4	0.011762895
99.5316	148.2	0.017619911
217.1045	98.9	0.131461644
261.1306	98.5	0.119220429
262.1339	99.4	0.134456146
277.1045	100.8	0.2940806
306.16	98.6	0.176703898
321.1307	99.8	0.188148407
350.1862	98.3	0.114754723
395.2143	98.3	0.09471086
411.1797	99.5	0.029561561
437.2354	97.8	0.110584528
438.2387	98.1	0.097261005
439.2407	98.5	0.058783687
454.2126	99.3	0.148576964
455.2065	99.9	0.091531249
483.2672	97.9	0.110566858
393.209	97.8	0.119716137
143.0483	143.7	0.257972493
151.0387	146.9	0.313522869
173.0672	143.6	0.042001511
184.0302	146.6	0.150969239
270.9641	147.3	0.119716522
159.024	146.9	0.057769342
365.1569	99.1	0.149116516
208.0692	92.5	0.019402197
337.0154	94.1	0.056225468
384.9452	94.2	0.206782211
386.9424	94	0.020368275
440.9069	92.9	0.229372391
442.9038	93	0.153943558
450.9358	94.1	0.097997041
452.9328	94.1	0.087698616
500.8626	93.1	0.227912397
502.8587	93	0.078454373
508.8944	94.1	0.098911097
510.8914	93.2	0.176800113
518.9232	94	0.157770915
520.9202	94.1	0.13891721
558.8211	92.8	0.299777402
568.8499	92.9	0.061094947
616.7795	92.7	0.228999103
626.8083	92.9	0.263267563
636.8373	93.1	0.180567407
646.8661	93.1	0.360112389
694.7958	92.9	0.338873785
141.0139	148.4	0.062282921
131.0815	164.1	0.123269032
132.0655	163.4	0.047309063
158.0372	160.6	0.059123164
159.0764	164.2	0.170295471
166.0258	160.4	0.034825481
175.0313	160	0.035999547
188.5357	160	0.099249297
207.0525	159	0.359103845
246.5393	158.6	0.067021646
248.0958	164.1	0.154117686
332.048	160.7	0.088764487
334.0543	163.5	0.186853867
624.1397	161.1	0.117689623
630.1558	165.1	0.213559257
118.0864	110.4	0.227773368
119.0898	110.4	0.147310833
133.1052	109.4	0.162815471
159.1127	110.9	0.043593937
164.0293	111	0.172446631
86.0969	109.2	0.356389521
172.1695	571.7	0.134715614
179.1066	576.3	0.063117186
179.143	569.3	0.323688732
183.0804	571.8	0.139336836
184.0837	571.8	0.111542906
250.1184	569.2	0.178897619
279.2316	575.1	0.108533649
285.0941	570.4	0.100025439
315.2083	576.6	0.112054158
326.3779	571.1	0.157104672
333.2188	569.9	0.16989848
352.2327	571.3	0.212602849
353.2263	571.6	0.088070068
527.2961	576.7	0.218785784
548.2746	576.6	0.359792888
114.0664	98.1	0.143442308
115.0697	98.4	0.235143585
121.0721	101.4	0.081886427
136.0481	96.4	0.090628114
289.0403	91.5	0.231415481
135.0481	156.5	0.164375375
178.0086	156.3	0.196822193
217.0818	151.7	0.013636489
218.0852	151.9	0.093686554
254.0446	154	0.302210497
259.0235	156	0.122283372
88.0397	158.4	0.216489747
207.1743	504.1	0.034350182
208.1776	504.1	0.006438109
269.1356	505.9	0.01300569
315.1776	506.1	0.04638818
333.2633	504.9	0.014404102
142.5358	155.1	0.354220132
163.0491	154.6	0.082688051
243.0377	155.4	0.288144147
245.0335	155.5	0.291941234
144.1019	148.6	0.340637495
145.1052	147.2	0.309426468
160.0967	143.5	0.246630949
283.1626	147.2	0.15681994
309.1782	147	0.141696705
121.0843	132.6	0.363983658
166.0862	131.8	0.196501015
167.0895	132.5	0.249366689
210.05	130.8	0.220165
464.2827	489.7	0.317441523
500.3039	492.2	0.322016816
226.9512	90.3	0.222026439
229.1408	87.5	0.111653538
468.7812	83.6	0.27679398
634.8022	80.6	0.351765847
162.1124	120.3	0.187960757
163.1157	121.4	0.073945094
200.0683	122.9	0.17949898
485.3026	135	0.310422484
486.3059	134.5	0.257362156
541.3651	133.3	0.282206027
110.0273	151.2	0.068154796
215.9645	156.3	0.149778873
230.9164	154.1	0.046726726
188.0705	108.2	0.184014491
189.0738	108.2	0.196534908
237.1168	112.1	0.117003935
238.1201	112.1	0.072792487
235.1802	99.3	0.242373314
236.1835	99.1	0.345582444
363.1543	98	0.365966744
273.1361	100.2	0.300801684
274.1394	99.3	0.073097202
156.0421	146.8	0.019372382
158.0402	146.4	0.017362388
110.0716	148.7	0.079106583
131.0816	139.4	0.085008155
414.8497	93.9	0.273665343
428.6992	93.1	0.212915682
430.6963	93.1	0.192924877
434.6903	93.1	0.173794256
436.6874	92.8	0.299918909
488.6548	93	0.220128894
492.6489	93	0.14914854
496.6865	93	0.243623041
502.6777	93.2	0.271283527
548.8277	93.8	0.296901756
550.6073	92.8	0.179680963
556.6421	93	0.232403301
558.6392	93.1	0.24465592
564.6739	93.1	0.256502937
608.566	92.7	0.241398492
618.5947	92.9	0.330244923
628.6235	92.9	0.124857956
682.8051	92.3	0.177528031
89.0795	84.9	0.319802399
161.0636	178.3	0.14337463
174.0122	179.1	0.104529728
177.0869	178.3	0.132746092
189.0869	178.3	0.083642069
235.0922	178.3	0.131262291
247.0922	178.3	0.079452622
294.1009	178.1	0.133847891
316.0831	178	0.114413223
317.0838	178	0.107155933
332.0571	178	0.103041254
372.0712	178.9	0.062494946
585.1883	178	0.108231892
638.0996	178.6	0.093356229
639.1038	178.7	0.176174582
676.0536	178.6	0.232922271
130.0499	144.9	0.318235779
147.0764	145	0.117201355
171.0763	145	0.034206056
215.0512	143.7	0.231853545
231.0287	146.9	0.218874358
237.033	142.8	0.235868068
248.9987	139.8	0.116287134
253.0069	142.3	0.180172939
266.9699	139.8	0.060094814
267.0762	147.3	0.304810125
272.0551	147	0.287077356
275.0013	138.2	0.143745415
280.9466	140	0.332380356
322.9312	139.7	0.171717936
324.9284	139.4	0.174855225
340.9024	139.5	0.328776739
356.0076	147.8	0.355719903
375.0651	140.3	0.110205993
380.8898	139.3	0.183759393
131.9294	67	0.337600782
152.9948	67.6	0.130207735
194.0214	67.5	0.194625496
308.8575	68.1	0.338413704
310.8548	68.6	0.280861918
319.6841	67.5	0.316068051
339.8554	67.3	0.184350878
341.8529	67.4	0.306881198
359.0685	69.5	0.269526856
578.269	68.5	0.187981962
171.0056	148.6	0.016854617
161.096	553.1	0.079647165
165.1274	549.8	0.07509516
264.2401	550.3	0.041687052
411.2064	550.4	0.011746512
210.1852	527.6	0.047639279
228.1957	531.2	0.147026175
279.0931	526.5	0.136164319
279.2317	534.6	0.218425159
297.2422	534.4	0.17435838
315.2528	535	0.109202564
337.2347	535.4	0.032206641
191.0402	140	0.092939982
207.0141	140.1	0.191666058
338.9052	140.1	0.34487972
256.0574	159	0.076923752
296.105	163.5	0.259743803
333.0509	163.6	0.166849739
353.0354	165.2	0.337434741
377.0499	161.6	0.090040173
608.1742	164.7	0.213448033
638.0995	161.7	0.192883956
645.1263	164.3	0.106959499
646.1288	164.5	0.192711756
214.2528	523.2	0.200426985
230.2477	523.8	0.070982597
239.1277	519.9	0.153606429
261.1095	519.7	0.238980402
229.2353	86.4	0.230266335
335.125	78.6	0.155508187
386.259	87.5	0.221304736
445.3133	85.5	0.33445009
449.2869	84.7	0.231290595
455.3126	85.8	0.062095732
483.3441	86.1	0.127848143
493.3132	84.3	0.201635816
533.3655	85.8	0.21091052
534.3187	82.2	0.093517623
537.316	86.7	0.278534181
567.8916	88.5	0.160424732
88.0761	86.1	0.240823323
104.5471	143.7	0.352585667
113.0512	143.2	0.077174339
113.5335	147.8	0.215046871
120.5422	148	0.27064208
124.087	149.4	0.243690183
170.0924	150.3	0.143629595
205.0396	147.9	0.307335649
299.9988	146.4	0.302673063
91.0237	147.9	0.229682069
92.0405	143.9	0.319935725
108.5767	146.9	0.273328855
111.0749	150	0.035601717
115.0868	148.9	0.254757914
148.1161	149.1	0.187588515
156.0767	149.3	0.07317815
225.0719	144	0.324028781
262.0628	150	0.283403081
363.0761	543.4	0.046477308
404.1027	543.8	0.085375002
140.0107	194.5	0.101020179
98.9845	194.4	0.303536005
189.112	501.3	0.084704506
211.0939	501.5	0.090574669
183.9448	150.4	0.123305811
220.9345	149.7	0.264613626
224.9714	149.6	0.100426047
235	149.7	0.221746831
249.0453	144.5	0.094264086
290.0718	143.5	0.172947267
106.0396	94.2	0.135780845
470.3318	86.5	0.060194484
499.9043	88.7	0.130262493
554.3926	86.4	0.073008353
600.882	88	0.321345871
223.1328	549.1	0.017630256
256.1622	553.8	0.035950632
270.3152	554	0.023740251
272.1854	554.1	0.031598828
183.0782	97.8	0.029351556
323.9863	92.5	0.090292176
470.9933	92.8	0.059809599
248.9758	92.3	0.163256513
254.0257	93.8	0.288938408
272.9548	92.7	0.353776163
151.1117	548.3	0.083946916
199.1804	539.1	0.331056774
225.1484	539.9	0.140136209
178.5505	160.5	0.049349675
187.041	159.7	0.04829784
205.1182	154.8	0.183617371
226.026	159	0.202995894
295.102	163.1	0.0591016
586.1918	163.8	0.131543248
623.1376	162.5	0.090977473
116.0708	144.6	0.151639626
133.0972	149.7	0.200400392
241.0493	146.5	0.225555955
119.0856	569.4	0.045217775
163.148	569.5	0.104962994
176.1029	146.8	0.254522014
251.2003	572.6	0.028152104
130.0863	146.8	0.255170676
147.1128	148.9	0.103954042
160.0603	162.9	0.06233245
223.0635	549.4	0.016657046
561.3604	87	0.202849257
804.5506	86.4	0.321512625
872.5378	86.4	0.214296904
296.0207	149.7	0.1367057
306.0494	149.5	0.06138547
377.1452	91.2	0.176983212
445.1328	90.9	0.182738843
192.1382	528.8	0.121861431
345.0472	91.3	0.205006069
435.0166	90.8	0.166293296
129.0659	111.3	0.246019542
173.0296	111.9	0.356838362
143.0814	162.8	0.143963791
299.0558	153.7	0.246439689
380.1022	154.1	0.045999966
129.1022	85.8	0.116606087
296.8625	78.6	0.293146611
352.8238	77.8	0.34011364
163.0753	519.2	0.08520781
254.2476	521.2	0.048655358
368.2278	518.2	0.064360344
277.2524	544.3	0.022029534
182.0577	146.4	0.098134999
225.196	558.6	0.034101373
120.0557	576.8	0.188007379
144.9821	83.7	0.330568274
362.8526	79.8	0.344780151
214.9426	152.5	0.20975098
241.9033	153.8	0.185607302
372.3106	139.6	0.222894659
400.3419	146.8	0.206661445
425.3452	140.7	0.304562772
132.0768	107.3	0.044735853
176.0406	107.8	0.06158382
249.0649	167	0.293825233
405.2607	84.4	0.304666599
406.2642	83.4	0.346815029
132.1019	130.4	0.286900497
113.06	203.8	0.304724154
122.0602	198.7	0.242206057
184.9855	208.1	0.279961021
245.945	155.7	0.186720268
429.0215	160.8	0.105438297
144.0808	132.4	0.262573578
359.0911	140.1	0.144418508
102.055	163.7	0.265937819
174.8959	157.9	0.360611586
133.0608	146.1	0.105087275
177.0246	139.8	0.029147484
148.0604	146.8	0.003986097
280.0919	155.6	0.150380342
106.0502	144	0.119373281
332.96	138.7	0.157106132
212.2008	478.7	0.016648693
99.0445	486.8	0.040275709
276.1189	152.6	0.173277018
181.9299	95	0.212120554
314.779	93.9	0.048531814
316.7761	93.7	0.348467568
516.6548	96.6	0.21611192
548.6104	92.8	0.29878229
606.569	92.7	0.211989708
614.6006	92.8	0.236799359
616.5977	92.9	0.226870974
229.078	142.4	0.042975853
241.1545	138.1	0.067993319
525.2878	97.7	0.077539878
190.0902	164	0.0472953
331.0445	159.8	0.120074602
180.0545	143.3	0.19807007
142.0086	150.6	0.202688216
255.1589	554.2	0.02136079
337.2346	554.1	0.01678217
315.0795	191.7	0.093362724
317.0839	191.7	0.309795817
333.051	192.7	0.180455726
354.0394	194.9	0.035792492
607.1706	192.4	0.138851935
629.1524	192.5	0.047042772
645.1261	192.7	0.292766757
313.1778	67.3	0.293337405
101.0713	169.9	0.177831072
103.0322	148	0.040154487
107.0492	94	0.183099087
107.0706	204.2	0.138128957
109.1014	569.8	0.237616497
111.0205	313.6	0.157658061
112.0871	67.3	0.199076396
112.0872	146.4	0.219001017
114.0552	178.6	0.300910019
120.0657	110.2	0.212291828
122.0965	112.4	0.174337679
123.0442	106.3	0.126467899
126.0663	168.1	0.269010027
128.0455	214.9	0.048013292
128.0706	187.2	0.066686967
128.107	173.4	0.051368863
128.9505	474	0.089852921
128.9506	309.3	0.082501683
133.0317	133.9	0.052919969
133.0794	578.7	0.152628438
133.08	107.1	0.211429676
133.0971	201.8	0.253875733
133.1012	522.5	0.05170493
134.0447	149.6	0.020409563
134.0448	178	0.089107195
134.081	131	0.097857365
135.117	569	0.292509794
136.0756	106.9	0.33124872
139.1117	191	0.173472088
140.0818	307.7	0.238182007
141.0658	125.8	0.140944223
142.1226	479.2	0.228733918
146.06	126.9	0.305229249
146.0601	143.8	0.348241791
146.0812	143.9	0.144334513
148.0797	144.4	0.055457387
148.0967	136.3	0.16941023
149.0961	523.2	0.334528816
149.1325	569.5	0.322352357
150.0583	109.9	0.029202854
153.0658	103.4	0.166755287
154.0862	202.2	0.163076267
157.0058	67.3	0.089163921
157.0607	144.6	0.338636301
161.1284	148	0.253104904
169.1222	567.9	0.345528131
171.0344	499.9	0.211598242
171.1127	203.1	0.33459058
174.0678	144.9	0.282127209
175.1188	178	0.092559109
175.1189	147.6	0.217039359
176.0658	129.8	0.227166213
177.0545	568.9	0.077181859
182.0811	103.7	0.226582833
183.1379	551.4	0.170348618
186.1124	110.7	0.037324717
187.0712	164.4	0.35792602
188.1757	147.7	0.225477237
189.1233	142.2	0.26644306
189.1597	152.9	0.246425481
190.0497	69.5	0.104391545
190.0498	156.2	0.147511114
191.1026	155.3	0.086354974
192.9899	270.8	0.171319397
193.1223	538.8	0.299902289
195.1379	553.7	0.123226885
197.1535	568.8	0.010059288
198.0512	139.8	0.125358851
199.1009	108.1	0.053805375
199.1693	568.6	0.176267829
200.2007	88	0.148007867
200.2008	37.2	0.332983819
201.0388	145	0.340079811
202.1801	579.6	0.071602401
203.1502	145.9	0.02931835
205.0971	106	0.24021567
207.1491	97.3	0.263018296
209.0123	140.3	0.215579822
209.0128	68.3	0.288556451
209.092	108.8	0.299712136
213.1596	578.7	0.081395061
213.1597	495.5	0.217372321
216.0145	152.6	0.14844432
218.1386	118.9	0.324276229
219.0975	153.8	0.199519217
221.1899	500.1	0.196543383
223.0746	155	0.300657763
223.1691	22.3	0.247218712
226.0449	107.1	0.314905668
229.1182	133.8	0.314044293
232.1542	118.6	0.081390345
233.2011	485.6	0.082575112
236.998	156.7	0.265359659
241.0309	154.3	0.215142851
243.0271	154.6	0.049178311
243.065	148.3	0.367216459
245.0766	92	0.16305331
249.2211	519.5	0.145157273
251.1275	578.9	0.35621456
253.1795	16.5	0.197024468
255.0655	145.4	0.213481292
255.1951	28.9	0.164710419
267.1951	25	0.206752233
271.19	18.9	0.179019239
271.2264	58.5	0.304399208
277.1795	562.3	0.096141292
279.1589	191	0.325671878
282.1193	90.6	0.159874062
283.19	23	0.248343143
284.961	515.7	0.176443567
285.2057	25.3	0.039247999
287.0998	98.2	0.160518509
288.2166	106.9	0.316310355
291.2291	84.3	0.325490198
295.2265	29.3	0.207568663
299.0754	149.5	0.087805045
299.11	510.9	0.27693246
299.2214	30.9	0.355355563
304.1012	90.2	0.121047885
309.2057	497.6	0.062606723
310.201	104.9	0.024880197
313.1431	16.5	0.347196805
316.248	112.9	0.334411213
327.0886	113.2	0.363973858
327.2503	88.5	0.264781366
331.2476	518.1	0.028869649
353.2221	479.6	0.045024446
361.2345	84.9	0.223005765
373.2581	20.8	0.036129461
399.2504	68.8	0.050348283
411.2505	142.8	0.191148049
415.2112	569.1	0.139633992
419.2493	63.2	0.336989444
425.1357	107.8	0.316036865
429.2007	67.1	0.0758692
447.3467	148.4	0.117096852
462.9615	94.1	0.126466745
515.0822	92	0.301812391
516.2989	193	0.14854187
524.2747	564.6	0.105013557
581.3656	82.9	0.304861882
86.0605	197.8	0.178943885
90.0554	111.8	0.203695552
916.525	86.4	0.258608238
95.0608	88	0.293334402
104.071	109.8	0.245307263
284.2944	88	0.340308591
284.2945	66.5	0.262104838
301.0599	114.4	0.159582495
376.2592	112.4	0.264505762
399.2446	113.6	0.212684589
414.215	112.6	0.091987332
415.219	113.1	0.336032747
416.2126	113.4	0.101327183
479.359	113.5	0.206398364
228.2319	86.4	0.195459877
531.4073	88.3	0.228902186
335.2157	570.3	0.26172327
351.2294	571.4	0.329745538
478.2927	571.5	0.079215935
479.2961	571.9	0.069110377
480.2983	571.8	0.097779909
503.2962	564.7	0.131749958
520.34	567.3	0.139976474
240.029	149	0.300245032
244.1905	522.2	0.016373576
277.128	527	0.049345071
367.2243	518.2	0.015756229
257.147	148	0.04453357
453.1672	113.4	0.316526357
454.1706	113.4	0.29504853
424.3419	141.5	0.298881367
183.927	93.3	0.252414406
203.0524	93.9	0.238242528
225.0343	92.3	0.2981474
244.0789	93	0.233653146
261.0109	92.1	0.318423382
319.9728	92.6	0.223655491
322.9635	92.6	0.211114334
339.0271	91.3	0.248465038
380.922	92.9	0.195334516
386.9567	94.2	0.298182679
388.9538	93.1	0.307856919
428.9964	90.8	0.339131919
436.8836	93	0.127735862
444.9154	94.1	0.207532258
446.9125	94.1	0.098013388
448.9095	92.8	0.296151129
454.9443	93.9	0.35501826
456.9413	93	0.196300488
464.9732	92.6	0.2537794
475.0019	91	0.301409347
499.0328	92.2	0.242920124
501.0298	92.1	0.192397479
502.8746	94	0.175779067
512.9037	94.1	0.157031683
514.9003	93.3	0.300528641
516.8971	92.9	0.356638787
522.9322	93.2	0.223500484
640.846	93.3	0.158955228
382.9482	94.3	0.172558077
164.9979	94.9	0.143464451
219.9229	93.4	0.224245963
373.2322	86.9	0.224371774
401.2869	84.9	0.183524801
417.2221	80	0.202408062
430.2852	87.3	0.096729466
473.3081	87.5	0.122367118
481.2838	80.3	0.146273644
562.3636	86.8	0.319517375
577.3917	85.8	0.264866608
595.8676	87.3	0.297209542
665.4441	84.3	0.294237958
669.418	82.7	0.248505111
713.4439	82.2	0.234552297
731.8423	87.4	0.321447931
757.4698	81.9	0.306890305
760.8214	87.7	0.235130587
800.8289	87.4	0.252868092
825.5174	84.8	0.323736251
839.3392	87.7	0.25312144
870.5465	82.6	0.237650809
271.0397	92.2	0.238040743
916.2329	162.9	0.149992551
363.9293	88.3	0.303433304
432.9178	88.8	0.283696205
568.8928	88	0.357408832
704.8674	88.5	0.356741689
771.8533	88.4	0.353422652
456.2689	81.8	0.347504366
478.2821	81.4	0.200799855
490.2928	83.7	0.325047474
629.8615	86.9	0.300337556
636.8802	88	0.276207451
663.8551	87.3	0.354316381
669.3711	88	0.336141221
697.8486	87.3	0.330065564
703.3648	88	0.363297398
239.1752	530.8	0.013520981
270.2062	529.3	0.024215673
286.958	532.3	0.034324973
288.2895	530.1	0.09351416
197.0205	67.5	0.335647178
272.0992	65.4	0.229694289
210.062	91.5	0.24374451
259.0047	93.5	0.310083278
280.9866	93.6	0.321055529
105.0426	94.3	0.177456996
123.0791	89.3	0.249257302
342.2328	88.2	0.19052323
205.0818	161.2	0.33929081
227.0637	161.5	0.127767728
760.5829	88.3	0.227422473
783.5712	88.2	0.164831131
805.5541	86.1	0.33319169
309.1307	542.6	0.09462673
217.9792	67.5	0.12049177
230.9148	73.5	0.217326365
240.9435	76.8	0.226249763
343.0455	180	0.283622678
347.0121	180	0.198740515
379.9903	181.9	0.254633007
338.0651	193.4	0.147197965
286.0632	145.8	0.028252907
301.9619	147	0.040866078
302.0408	149.8	0.293967473
312.0695	149.7	0.292177223
204.123	100.1	0.178244751
226.1048	100.8	0.0599781
274.0117	95.1	0.123893342
300.9727	96	0.110482214
877.2781	163.1	0.109238337
899.2603	164.3	0.180412854
106.046	178.3	0.333962762
120.0809	178.2	0.081333025
1236.7321	87.2	0.284164216
126.0914	208	0.168880304
143.1542	140.6	0.31921522
153.0771	146.5	0.175926391
157.0834	248.2	0.008014532
160.1331	116.3	0.29371118
167.0676	144.6	0.299361692
179.0636	197.9	0.194618428
184.0731	153.3	0.232693506
191.008	108.6	0.363604292
191.9928	269.6	0.191932834
192.0144	129.5	0.210629465
195.0198	25.2	0.179158517
197.9925	268.4	0.205634441
198.0172	483.2	0.053807091
200.9956	45.8	0.123969501
201.0733	274.7	0.062421541
202.1185	133.4	0.244537038
203.036	145.1	0.356492892
211.0038	310.2	0.133608009
219.0264	131.5	0.269180086
225.0151	69.6	0.073245253
225.0465	130.7	0.087406482
227.0419	106.1	0.183870511
228.9865	319.6	0.069842995
229.1545	119.1	0.066841173
230.0511	92	0.064401525
231.9933	66.5	0.332983231
233.0783	481.8	0.237432305
236.0957	161.8	0.239364634
249.1079	178.3	0.195614617
259.0275	137.5	0.175635272
264.9893	157.4	0.055447154
267.1103	140.6	0.021166529
273.1208	148.1	0.020017088
311.2189	90.3	0.313082054
328.0823	113.2	0.233519163
333.2396	82.2	0.106024142
341.3159	72	0.265794539
344.2429	461.7	0.027921862
344.243	444.9	0.107651764
346.222	16.3	0.223195926
347.0168	157.4	0.192101215
360.1802	67.2	0.344251332
361.2709	88.6	0.326078469
365.105	91.1	0.151747414
366.1389	76.6	0.225867881
369.2213	518.4	0.00634496
393.2243	53.1	0.31968214
413.266	233.5	0.029816743
416.7115	99.3	0.142352345
435.0383	163	0.223556864
438.8807	92.8	0.129755749
439.23	36.7	0.172478462
476.2771	538	0.112651088
500.9052	88.8	0.302909066
501.2781	572.1	0.296095272
507.05	92.2	0.357735763
565.0086	92.2	0.357565304
737.3584	88	0.318548731
740.522	67.6	0.103707445
790.4732	92.7	0.09922635
102.0553	179.1	0.116390983
106.9508	101.4	0.108640281
106.9509	153.7	0.348747139
132.0555	146.2	0.067388014
137.0708	98.2	0.240804965
143.1179	106.6	0.074315473
148.0038	92.3	0.139713016
151.0223	156.9	0.146700086
152.0467	68.4	0.178065911
171.9929	375.1	0.322004682
175.0899	195.5	0.197506847
176.1222	147.5	0.199434882
179.0077	200	0.356421209
189.1121	486.5	0.103059665
195.0757	151.2	0.238358008
198.1488	489.3	0.082547658
198.1489	475.2	0.028302705
209.0365	149	0.322917117
223.0841	105.1	0.333114178
226.18	507.2	0.353774039
232.9884	66.8	0.226386779
258.1098	157	0.144325586
272.9442	141.4	0.150189509
276.0566	93.6	0.240423131
298.0524	152.1	0.321547312
301.1406	83.5	0.246133099
309.2269	469.1	0.239132066
317.056	172.1	0.145643321
327.1411	107.6	0.358725483
330.9949	93.8	0.367106253
365.1356	76.5	0.183618242
399.1388	100.8	0.148130864
399.2633	151.2	0.120172262
411.214	63.3	0.100366154
411.2634	151.6	0.007368371
429.1705	98.5	0.170285555
468.204	65.5	0.31687741
517.3342	87.2	0.178462716
543.3273	570.4	0.156476257
544.3395	564.5	0.294321725
660.0816	178.6	0.307533924
716.5222	20.3	0.30543457
103.0545	139.2	0.292780333
103.0546	111.6	0.291304393
103.0699	104.5	0.110517481
104.1073	96.9	0.254664716
104.1074	80.1	0.126967634
1043.3012	88.1	0.349600575
105.0338	571.7	0.023918203
105.1042	96.3	0.056417301
106.0459	94.2	0.164721878
106.9992	92.1	0.14315935
1077.2949	88.1	0.103840423
108.9489	102.2	0.188846764
109.0227	266.1	0.253611109
110.0086	145.1	0.001661284
111.0394	147.6	0.17997338
113.9635	46.4	0.119442348
113.9636	517.5	0.340933487
113.9637	438.4	0.044210532
113.9638	320.5	0.35288246
114.5586	144.2	0.062317072
115.059	144.3	0.13427657
116.0591	143.7	0.071417105
116.0709	477.3	0.348406117
117.0679	143	0.041647129
117.1388	149.9	0.180341442
118.0653	132.6	0.232948521
118.0654	571.6	0.008177831
119.0254	67.3	0.182905662
119.0686	572	0.037143693
119.0897	132.6	0.299633226
119.523	68.3	0.155718733
119.547	147.2	0.073840903
121.0399	147.8	0.145314299
121.069	139.4	0.35451929
1212.7684	88.1	0.274878158
122.9778	94.6	0.210968229
123.0457	145.4	0.19623301
123.9715	136.4	0.328248062
124.0482	99.2	0.049491394
127.5443	149.2	0.190829144
129.5357	68.6	0.337693646
130.0692	134.1	0.263452366
130.5091	156.5	0.00459131
131.0351	68.6	0.358330572
131.5335	16.4	0.096037283
133.0331	67.9	0.353436814
133.0591	341.4	0.226857578
133.0688	163.7	0.192051614
134.0188	134.7	0.086784074
134.1005	150.6	0.069892516
135.0028	99.6	0.334138471
135.5304	65	0.205631858
136.0215	578.3	0.012771945
136.0637	144.6	0.347972979
137.032	92	0.075656375
137.0514	97.9	0.315427096
137.0727	129.9	0.103087707
138.9952	69.4	0.275698191
138.9953	317.6	0.21949125
139.0178	148.2	0.173133683
139.9453	99.7	0.250803505
139.9878	407.3	0.322320935
141.0715	147.3	0.35505255
141.9581	69.1	0.184914387
141.9582	438.6	0.271449618
141.9583	272	0.112756714
142.0342	154.6	0.075274548
142.0517	144.5	0.112496659
142.1167	86.1	0.337761499
143.0396	360	0.096776413
143.0604	148	0.032063259
146.0187	91.5	0.36019469
146.044	163	0.197018229
146.1175	480.2	0.077905395
147.0028	99.8	0.172290821
147.044	107.5	0.266795908
148.0254	91.8	0.077870681
148.9933	91.7	0.107561939
149.0232	196.8	0.248061162
149.0233	525.1	0.139061729
149.0597	133.3	0.166467159
151.0352	178	0.019083315
151.0353	146.5	0.208139488
151.0965	212.6	0.233603599
153.0109	206.4	0.288971186
153.0393	144.8	0.215358335
153.9932	25.3	0.071859862
154.0201	99.4	0.060373097
154.049	149	0.321945642
154.0872	146.1	0.293353551
155.0082	149.5	0.350301728
155.0687	133.2	0.090557848
155.9906	67.3	0.122931338
157.0971	143.7	0.273917178
158.0028	230.7	0.106551045
158.0679	134.2	0.001865966
158.1538	28.5	0.216853954
158.1539	539.2	0.189795345
158.9219	158.4	0.295334086
158.986	264.9	0.128658814
160.0344	139.1	0.201963052
161.0184	106.6	0.351496558
161.0637	196.1	0.239251023
161.1324	550.7	0.193489237
162.0457	154.9	0.250713096
162.05	110.7	0.030432068
162.5472	153.4	0.357820373
163.0752	67.6	0.362734781
163.1117	526.8	0.022339231
163.5635	144.5	0.032578952
163.9902	68.9	0.099545331
165.9828	46.8	0.204725543
165.9829	156	0.018453276
166.0667	98.4	0.074728763
166.071	143.7	0.361121656
166.5735	144.5	0.235843913
167.143	568.8	0.210178072
167.9819	375.5	0.300025002
167.982	536.7	0.029754985
168.016	200.2	0.259620707
168.9933	245.3	0.11244732
169.0355	91.6	0.328145225
169.1335	476.1	0.09651431
170.0325	129.7	0.168652371
170.0923	177.8	0.320354875
170.9608	66.3	0.211594238
170.985	68.7	0.125667645
171.5522	149.8	0.070124668
172.0401	103.9	0.079522426
172.0538	150.3	0.014633937
172.1694	26.6	0.109644255
173.0783	98.9	0.082481194
173.092	134.2	0.296506654
173.1284	109.8	0.181149316
174.5623	149.6	0.310442206
175.0341	108.6	0.3634146
175.0645	146.1	0.170750344
177.0746	130	0.279540052
178.0092	200.1	0.294152972
178.0586	151.8	0.044183062
180.0032	135.9	0.348921428
180.0443	148.3	0.27958619
180.0444	333.9	0.276185441
180.9896	69.6	0.221298893
180.9897	463.7	0.037507788
181.0143	515.4	0.284101114
181.0191	153.6	0.18968923
181.0372	98.9	0.028982405
181.0514	146.7	0.362956974
182.0225	153.6	0.181838509
182.1539	479.9	0.072611403
183.0351	149.4	0.363496277
183.0611	144.8	0.351899626
183.0803	88.4	0.127488958
183.9746	158.9	0.360427327
184.0653	150.7	0.019244238
185.0233	148.7	0.053329609
185.1144	478.4	0.361156374
186.9561	273.8	0.230857241
188.1296	578.5	0.168803805
188.9977	303.8	0.335020212
189.0035	133.3	0.329403562
190.993	330.9	0.315811434
191.0765	152.1	0.304863479
192.0436	139.3	0.206480993
192.0616	178	0.22627575
192.0617	275.7	0.12130206
192.0618	145	0.358002715
192.1381	24.5	0.367775638
192.9985	141.3	0.072143972
193.9736	148.7	0.031877516
193.9891	461.3	0.144656241
195.0315	148.1	0.049197618
195.1016	531.7	0.356185617
196.0348	149.1	0.301566522
197.1008	145.3	0.084193813
198.0582	105.3	0.230654264
198.0977	106.2	0.103243534
198.1851	37.5	0.324948127
199.0139	149.7	0.050158308
199.0293	176.3	0.093138284
199.0294	462.9	0.121062224
199.9878	313.6	0.223161826
200.9917	316.9	0.044357547
201.9908	68.5	0.235859596
203.0216	46.8	0.0563186
203.0525	134.8	0.333278834
204.0201	67.9	0.151501849
204.0558	92.5	0.303883838
204.1382	525.3	0.042594098
204.1383	509.3	0.110655202
205.017	69.2	0.35076192
206.0208	68.4	0.343589511
206.1004	107.9	0.069347821
207.0174	68.1	0.160252518
207.1102	104.3	0.346583589
207.159	472.3	0.047400847
207.1742	61.5	0.149440542
208.1136	104	0.252844535
208.9938	143.2	0.192234923
211.0675	143.9	0.343234453
212.9993	93.8	0.28741114
213.9827	67.5	0.303234938
213.9828	273.3	0.194227226
214.0895	113.6	0.22659226
215.0144	160.6	0.046942982
215.1253	102.6	0.098536786
216.0606	108.3	0.308586484
216.9226	113.8	0.05585346
217.9793	407.2	0.061906198
218.0373	157.6	0.183990209
218.1539	542.2	0.019989192
218.9841	156.8	0.142338522
222.0161	68.8	0.326009934
222.988	140.3	0.205644082
223.0636	530.6	0.170412507
223.5674	151.2	0.235397062
226.0119	494.5	0.125647701
226.012	327.1	0.075162807
226.9513	127.1	0.263801076
226.9684	152.4	0.335270341
227.045	148.6	0.167712236
227.9826	273.3	0.162124086
228.0073	68.9	0.14474748
228.5825	71.2	0.33232719
229.0682	477.9	0.136000132
229.1407	472.2	0.308249038
229.1796	21.6	0.203775976
231.0544	93.6	0.319808189
232.9853	95.1	0.080293801
232.9979	378.3	0.222138058
233.9126	92.1	0.114414403
234.6056	65.5	0.185513379
234.9811	93.3	0.177822455
235.0923	200.4	0.061397774
235.1803	162.1	0.268719456
235.2054	508.1	0.064912899
236.0714	114	0.233500979
237.0197	69.2	0.115831588
242.0219	66.8	0.304430785
242.0343	154.2	0.363305746
243.0172	68.3	0.197726668
243.1952	31	0.220852008
243.9413	91.1	0.128065842
244.0317	155.2	0.045797495
244.0331	155.1	0.170112572
244.2633	131.8	0.166098117
245.9932	221.6	0.055874273
246.1697	101.6	0.203818108
249.0608	107.9	0.009381704
250.099	94.3	0.114523139
250.9722	80.5	0.318080292
251.1364	140.5	0.022042311
252.9719	157.2	0.033685845
255.1187	65.7	0.290175247
256.2631	88.2	0.212963239
256.2632	132	0.347884731
257.0739	165.9	0.035388186
257.1744	17.2	0.291468169
257.2108	36.6	0.1447995
259.0675	159.3	0.108134088
260.0106	157.3	0.12474335
261.0455	132	0.043184195
263.0873	178	0.061260006
263.2368	549.7	0.038355822
266.2112	542.2	0.018324871
266.2113	524.4	0.085834506
267.031	92.1	0.159762235
268.6606	64.7	0.289582426
269.1744	18.5	0.223710242
269.1745	554.3	0.308450278
270.9578	94.2	0.286675765
271.043	149.5	0.314435844
272.043	92.8	0.266262906
273.167	462	0.066185862
277.0598	93.6	0.2979185
279.093	18.7	0.20645613
288.2894	113.6	0.353208996
292.1629	67.1	0.09528895
292.6645	67.2	0.109498709
293.0339	127.6	0.323790758
293.0975	178.2	0.272227584
293.0977	269.7	0.362971356
294.1011	258.8	0.134257012
294.9386	89.3	0.206246275
296.0552	151	0.183612984
296.0921	144.5	0.151145085
296.1051	197.7	0.121326733
296.1458	49.4	0.190737898
299.1098	24.4	0.094767668
299.1099	526.8	0.031956452
302.881	121.6	0.189570774
304.2843	135.9	0.006016509
305.1567	98.2	0.166115422
307.1374	133.4	0.231410993
307.1884	31.5	0.123155438
309.1305	88.1	0.251375858
311.1849	26.9	0.050167891
313.6767	67.5	0.316041742
314.2322	109.2	0.202310473
315.0794	178	0.196409018
315.0796	246.8	0.307569443
315.1147	142.5	0.072854248
315.2139	78.3	0.313687087
316.3208	135	0.286487351
317.2683	33.6	0.25921943
317.2685	551.1	0.046276638
318.8863	69.4	0.200015254
318.9695	94.5	0.315720229
319.224	76.3	0.094519272
321.2036	37.7	0.266449526
324.9896	94.3	0.263634454
326.9866	94.2	0.192265612
327.0077	23	0.27166296
327.0079	551.8	0.063604331
328.0111	22.2	0.169724215
328.9836	92.8	0.028648962
329.0048	22.8	0.247796279
329.0049	551.7	0.050743941
330.0081	23.4	0.185425926
331.0018	22.9	0.166438021
331.2088	469.2	0.044260117
334.1934	66.7	0.326831802
334.2222	576.9	0.235148704
334.9434	99.2	0.342191892
335.2191	43.1	0.17127518
337.0614	165.9	0.255351645
337.0615	227.8	0.082668693
344.0136	180	0.247186759
344.0344	570.6	0.147907245
345.0237	104.1	0.153945874
346.0091	178.9	0.185413671
346.0092	159.8	0.350725256
346.0093	415.1	0.289802907
349.0171	180.2	0.334303597
349.1829	98.1	0.144004985
350.8106	97	0.272003506
350.8107	119.3	0.283168543
355.0335	164.1	0.223298716
357.2607	85.2	0.266571622
358.0208	193.4	0.080277034
358.3677	149.8	0.108567119
359.0431	165	0.192521314
359.0433	194.9	0.33180912
360.2434	78.8	0.135117457
362.2169	25.6	0.348231701
362.9259	89.3	0.244848711
362.926	124.1	0.124546684
363.2503	80.3	0.141481824
367.0292	90.9	0.167101721
367.1724	29.4	0.035859973
367.1725	32	0.309670363
367.2244	502.8	0.169060103
368.2792	130.5	0.265178418
368.9985	179.4	0.104464021
368.9997	160.1	0.30223017
369.0095	163.4	0.331772911
369.3512	18.2	0.279201433
371.0194	181	0.022540702
377.2659	78.7	0.322499078
378.0408	165.5	0.218910814
378.2118	36.1	0.335085692
378.9	97.5	0.283194412
380.2558	530.1	0.023730424
382.9935	181.6	0.095721038
383.9648	179.1	0.279279627
383.9827	180.9	0.28758099
385.2556	88.2	0.244705339
387.0402	551.8	0.125160922
388.3933	21.5	0.139342221
389.1356	91.7	0.300729959
390.2483	16.5	0.344056427
390.7987	113.5	0.303659357
390.9895	178.9	0.26313259
390.9917	161.8	0.204598323
392.7058	98.4	0.140564221
394.974	93.1	0.099652704
395.24	88.7	0.197710194
395.2401	67.8	0.284416613
398.3262	140.4	0.288340992
405.046	179.1	0.089725752
409.1831	99	0.111439846
412.7173	99.8	0.190518888
416.0733	551.8	0.032159595
420.8846	92.5	0.119394994
420.8847	118.2	0.253375721
421.2322	76.7	0.302015774
424.2456	58.5	0.254291974
424.7433	124.6	0.027440785
426.7405	98.9	0.13352715
429.2819	88	0.257857392
432.7634	64.6	0.123663363
432.9763	161.7	0.107649048
434.2747	30.6	0.340539522
435.1396	88.5	0.290035134
437.1932	114.4	0.302091126
443.1625	67	0.174859788
446.2666	84.1	0.362402497
447.3464	88.3	0.254270755
451.209	30.5	0.158089615
452.277	551	0.037449648
453.2093	99.1	0.145684653
454.1705	137.3	0.338974454
455.1645	113.6	0.089486839
456.6991	97	0.173964786
463.1541	65.3	0.211320983
468.2795	84	0.232212001
469.3284	86.4	0.256053413
469.3286	142.6	0.190287873
474.3115	87	0.341385443
481.0221	91	0.054127609
481.2616	97.7	0.075094389
482.702	98.6	0.140533847
490.869	92.2	0.118518242
492.8453	93.9	0.314038516
496.8144	95.7	0.24695193
497.2355	99.1	0.090665309
502.2927	564.5	0.159828954
505.0529	92.3	0.338463728
508.1495	162.7	0.104423136
510.7095	93.4	0.361084866
511.0734	92.4	0.048861187
512.3057	82.5	0.21843328
512.3788	33.4	0.345299916
512.379	68.5	0.048920994
512.8874	93	0.037828361
513.1209	91.5	0.110351907
514.6577	96.8	0.32285428
517.1279	159.9	0.205865551
518.3379	87	0.296502607
524.6866	96.4	0.198998463
526.2928	558.6	0.176156011
528.2983	576.7	0.19013842
528.9519	94.1	0.080111998
532.4108	33.6	0.289647953
537.3392	83.3	0.343746856
552.8007	92.9	0.140113203
563.0115	92.3	0.281368083
569.3634	135.2	0.221179844
569.3839	86.5	0.053842711
605.3866	86.7	0.353987975
607.1709	164.5	0.135731708
621.4178	85.8	0.291229053
630.8175	93.3	0.31092627
632.9963	92.4	0.329115825
635.3773	88.1	0.36137554
644.831	84.3	0.247474157
645.4612	69.1	0.019362707
668.8694	87.9	0.353671825
693.439	86.1	0.303257125
694.8315	87.6	0.19920255
709.4698	83.8	0.123252132
722.703	93.3	0.16745834
724.7224	149.2	0.303326831
725.2239	149.3	0.260467964
739.4714	84.2	0.341639164
769.5563	20.9	0.285790816
780.5507	86.7	0.242736353
780.5513	154.6	0.236972146
780.5522	559.1	0.166007294
781.4919	85	0.114958099
785.5876	20.8	0.163898182
785.5879	563.8	0.331350519
800.5018	92.8	0.269047707
805.3454	88	0.305112283
807.5709	86.1	0.32774215
807.5721	21.6	0.258731207
807.5722	67.8	0.311204699
811.6035	20.3	0.288709914
812.5277	93	0.256945429
834.8229	87.2	0.124634632
867.817	87	0.070363599
88.0636	146.2	0.257068892
94.0455	144.5	0.215511482
941.32	88	0.355893215
969.7981	87.5	0.333407016