mz	time	Statistic
153.1273	569.9	0.437916389
174.9919	570.5	1.96136428
181.1586	569.3	2.186280334
189.1637	568.8	2.075006112
193.1587	569.2	1.766915956
211.1692	569.2	2.443407933
219.1379	569.3	1.597823796
223.0964	568.8	1.882714958
245.2262	569.5	2.041785559
246.2295	569.7	1.554158127
250.9999	570.5	1.809772585
252.997	570.5	1.893735118
263.2367	569.1	1.99376672
264.24	569.3	2.239680064
281.2473	568.8	2.158044388
282.2506	569	2.138082136
298.3466	570.6	1.811926673
301.2643	570.2	2.127663749
311.1851	569.6	1.987617052
319.2747	569.8	2.173934775
322.2738	569.1	2.117820045
328.0112	570.5	1.71301024
330.0082	570.4	1.866172193
332.0052	570.5	1.775868985
332.9988	570.5	1.963073638
340.2538	569.2	2.296217245
348.9898	570.4	1.673128765
350.9868	570.5	1.762633155
352.9838	570.5	1.552612769
355.2242	569.6	1.828692828
372.0657	570.4	1.631448546
374.0627	570.5	1.672168461
387.0401	570.3	1.674526972
388.043	570.1	1.788079876
389.0372	570.4	1.675323592
391.0342	570.5	1.290318422
400.097	570.5	1.870682271
402.0941	570.5	1.467937779
411.2063	569.2	1.931945778
414.0763	570.6	2.016169953
416.0732	570.5	1.853515286
418.0703	570.3	1.858810499
426.1127	570.5	1.896665062
428.1097	570.5	1.811832074
467.1142	570.6	1.943698672
138.9063	94.9	0.704646953
140.9034	94.9	0.910483161
142.9005	94.8	0.133596789
163.0008	95.1	1.348685762
196.8649	94.7	0.647100839
198.862	94.6	0.150539024
200.859	94.8	0.154088819
202.8561	93	0.391928946
206.8937	94.7	0.891512656
208.8908	95	0.827471672
210.8878	93.6	0.649015123
216.9225	94.9	0.461848524
218.9195	95.2	0.39169737
237.8913	94.7	0.538860521
239.8884	93.3	0.258674485
247.9201	93.4	1.56408194
256.8203	94.7	0.345849987
258.8174	94.9	0.160016838
260.8145	94.2	0.02595312
264.8521	93.6	0.8532699
274.8809	93.7	0.807524339
276.878	93.7	1.081865684
278.875	93.7	0.28432587
284.9098	95.1	0.141009585
286.9068	93.4	0.272681785
312.7819	94.9	0.863059187
318.7731	94.6	0.500914649
322.8107	93.6	1.409821811
326.8048	95	0.527564175
332.8395	93.6	1.201696645
334.8365	93.6	0.971827346
336.8335	93.7	0.487545465
342.8684	93.6	0.167099065
344.8653	93.6	1.250116678
346.8624	94.6	0.172999559
352.8971	93.7	0.797205585
353.9005	93.3	1.410275763
354.894	93.2	0.955338056
370.7406	94.1	0.646656979
372.7377	94.4	0.845411245
374.7347	94.4	0.706252395
376.7317	94.2	0.555179438
380.7695	94.4	1.044683291
382.7665	94.5	1.352404735
384.7635	94.5	1.124709895
386.7604	94.1	0.168744023
390.7982	94.9	0.236991522
392.7951	93.6	0.604557251
394.7923	94.8	0.415801559
396.7892	93.5	0.27687723
400.827	93.6	0.877734711
402.824	93.6	1.032118003
410.8557	93.6	0.457709766
412.8528	94.9	0.293137472
422.8815	93.8	0.029904404
432.6934	94	0.270842741
438.7281	94.1	0.426370975
440.7253	94.2	0.741289525
442.7223	94.1	0.401407695
444.719	93.9	0.453107683
448.7569	93.5	0.54441195
450.754	94.3	0.452927443
452.751	94.4	0.424698644
454.7479	93.4	0.281938499
458.7857	94.5	0.070839152
460.7827	94.5	0.308922346
462.7796	94.4	0.180748296
464.7768	93.4	0.339693138
468.8145	94.1	0.591426579
470.8114	94.5	0.228412696
472.8085	93.7	0.222818055
478.7539	96.6	1.240134562
478.8434	94.4	0.162618434
480.8402	94.5	0.488997742
488.872	93.2	0.175243802
490.6518	93.6	0.342611774
498.6837	93.2	1.013581571
500.6807	93.9	0.487937537
506.7155	93.9	0.45465409
508.7126	94.1	0.179218969
516.7443	94.1	0.044378553
518.7413	94.3	0.257081097
520.7383	94.2	0.619817651
522.7354	93.3	0.611764394
526.773	93.6	0.217504195
528.7701	94.3	0.413433458
530.7672	94	0.64347732
532.8948	88.1	1.563509439
536.8018	94.4	0.063196688
538.7989	94.3	0.179003319
540.7959	93.4	0.719700912
546.8306	94.1	0.316080953
566.6709	93.9	0.359876396
568.6681	93.3	0.3784913
570.665	93.1	0.574407671
574.7026	93.8	0.285838326
576.6998	94.1	0.571881728
584.7314	93.5	0.118531722
586.7285	94.1	0.027386946
588.7256	93.5	0.619518255
594.7602	93.9	0.365062003
596.7574	93.9	0.458169429
598.7545	93.4	0.4924848
604.7891	93.6	0.117317367
606.7862	93.7	0.058513649
614.8179	93.3	0.508054012
616.8151	93	0.263760268
624.6294	93	0.588490619
626.6264	93.1	0.523846802
642.6899	93.2	0.193270445
644.687	93.4	0.675022139
652.7187	93.3	0.111220829
654.7159	93.4	0.812275147
656.7128	93.3	1.053499681
662.7475	93.4	0.041835397
664.7448	93.6	0.506018898
672.7763	93.2	0.118599902
674.7733	93.1	0.143804711
692.6166	93	0.063955437
694.6138	93.1	0.135705781
702.6454	93.2	0.485328574
704.6426	93.1	0.541804072
710.6771	93	1.684283935
712.6742	93.4	0.798811139
714.6714	93.2	0.118548311
198.1852	567.8	1.857190073
225.1847	569.2	1.756174335
258.2789	564.9	1.590552191
265.1044	562	1.923844967
299.2578	569.9	2.03200596
300.2612	570	2.081405807
304.2997	560.8	1.720697486
309.1306	561.9	1.66560447
317.2684	569.7	1.998216676
318.2718	569.9	2.190216571
325.2371	563	2.359506445
328.248	562.5	1.999592367
329.2514	562.6	2.096540043
331.0019	570.4	2.045500978
339.2503	569.8	1.921608925
327.0078	570.5	1.826237752
380.2557	563.5	1.48511618
469.1111	570.7	1.905988996
182.0406	98.9	1.469998528
206.0899	98	2.036625272
278.1221	98.2	1.012540052
323.1113	100	0.954230945
398.0777	98.8	1.614252125
512.1208	96.6	1.130197751
541.1554	98.3	1.923721177
557.1292	99.7	1.667056903
104.0306	147.4	1.732969552
111.541	148	1.928528036
113.0359	148.4	1.724129537
115.5574	143.5	2.261768762
116.0021	148.6	0.943952551
120.0446	149	1.732414583
123.5452	148.2	1.763623283
123.5505	148.1	2.304427144
124.0412	144.6	1.650049115
124.0437	143	1.128669924
125.038	144.2	1.923918317
125.0452	147.7	0.715142059
125.986	148.2	2.250996713
126.5366	149	0.434518573
126.5422	148.2	2.243444526
131.5524	148.3	1.859000492
138.0273	144.5	0.954287478
140.0212	148.1	0.124491752
141.0063	146.1	1.398533475
141.0508	144.5	1.474886587
143.0108	148.4	1.547102439
143.5621	147.8	1.152350543
143.9967	149.2	1.286692431
152.0361	145.2	1.443678388
153.0327	145.1	1.791946956
154.0049	148	1.488795863
156.9839	148.4	1.807778028
157.0284	148.3	1.699919805
161.9983	149.2	1.091675389
164.0668	144.5	0.543825511
165.0703	144.5	1.319582648
166.0534	143.4	0.266030251
166.0643	143.9	0.31615772
168.01	148.3	0.906671482
168.0161	148.4	1.638046445
169.0088	148.8	0.971379534
169.0356	147.9	0.718636846
169.0457	144.9	1.95563381
179.0539	144.1	2.105967855
181.0284	149.3	0.883313657
181.0397	148.1	0.044892839
182.0329	145.7	1.545684434
182.5117	149.7	2.086637761
187.526	149.5	1.775903955
192.0742	152.3	1.419327891
193.0284	150.8	0.523905232
193.0623	145	1.777394438
194.0593	144.3	1.96045172
198.0105	148.7	1.56719024
200.0076	148.4	1.874471491
209.0426	148.5	1.563246777
210.0353	148.8	1.722096068
210.0722	145.5	0.624949328
212.0322	148.6	1.322192105
213.0182	149.2	2.039039975
226.0497	148	0.84251004
254.9866	144.8	1.83980727
255.9439	148.8	1.743269578
256.9838	144.2	1.963602751
260.9353	147	1.906024446
265.0156	145.9	2.46837581
266.0164	144.8	1.482953896
267.0129	144.9	1.553830871
272.9613	147.5	1.546289247
276.9129	148.4	1.36450162
278.8929	151	0.551446214
278.9099	149.1	1.113529789
280.9929	146.8	1.286981259
286.9417	148.3	1.039801229
288.9387	148.5	1.811107503
296.9705	148.4	1.819665753
297.9739	148.9	1.268423444
304.6902	148.5	2.00278105
317.9394	149.1	1.937427417
90.5263	148	1.618483907
94.5441	144.4	2.151470884
99.5316	148.2	2.013900166
217.1045	98.9	1.020797416
261.1306	98.5	1.088671588
262.1339	99.4	1.004693514
277.1045	100.8	0.291487334
306.16	98.6	0.793504597
321.1307	99.8	0.740300905
350.1862	98.3	1.114339216
395.2143	98.3	1.236906837
411.1797	99.5	1.816100104
437.2354	97.8	1.13879815
438.2387	98.1	1.220551074
439.2407	98.5	1.502784211
454.2126	99.3	0.931041682
455.2065	99.9	1.257659288
483.2672	97.9	1.138902841
393.209	97.8	1.085854181
143.0483	143.7	0.438188841
151.0387	146.9	0.213979251
173.0672	143.6	1.664505456
184.0302	146.6	0.918904581
270.9641	147.3	1.085851992
159.024	146.9	1.511618351
365.1569	99.1	0.92829625
208.0692	92.5	1.979062804
337.0154	94.1	1.525259806
384.9452	94.2	0.656349151
386.9424	94	1.96117016
440.9069	92.9	0.558177921
442.9038	93	0.903940059
450.9358	94.1	1.215876117
452.9328	94.1	1.283239762
500.8626	93.1	0.564421045
502.8587	93	1.347800599
508.8944	94.1	1.210098201
510.8914	93.2	0.793051436
518.9232	94	0.884880146
520.9202	94.1	0.981032192
558.8211	92.8	0.268691977
568.8499	92.9	1.483016607
616.7795	92.7	0.559772926
626.8083	92.9	0.41639056
636.8373	93.1	0.775388674
646.8661	93.1	0.030461947
694.7958	92.9	0.113870567
141.0139	148.4	1.473042924
131.0815	164.1	1.065838397
132.0655	163.4	1.609307427
158.0372	160.6	1.499849705
159.0764	164.2	0.8239289
166.0258	160.4	1.747346989
175.0313	160	1.733028418
188.5357	160	1.207968074
207.0525	159	0.034418115
246.5393	158.6	1.434422537
248.0958	164.1	0.903068182
332.048	160.7	1.27606104
334.0543	163.5	0.74625121
624.1397	161.1	1.097411523
630.1558	165.1	0.626524117
118.0864	110.4	0.565016221
119.0898	110.4	0.937502901
133.1052	109.4	0.860079076
159.1127	110.9	1.647469795
164.0293	111	0.813662162
86.0969	109.2	0.04506685
172.1695	571.7	1.003306677
179.1066	576.3	1.466111382
179.143	569.3	0.173732444
183.0804	571.8	0.978826027
184.0837	571.8	1.133133387
250.1184	569.2	0.783198137
279.2316	575.1	1.151011276
285.0941	570.4	1.203095097
315.2083	576.6	1.130122318
326.3779	571.1	0.888182519
333.2188	569.9	0.825829741
352.2327	571.3	0.630712441
353.2263	571.6	1.280732204
527.2961	576.7	0.60375065
548.2746	576.6	0.031715213
114.0664	98.1	0.957411229
115.0697	98.4	0.533622102
121.0721	101.4	1.323325119
136.0481	96.4	1.263629876
289.0403	91.5	0.549462735
135.0481	156.5	0.852480399
178.0086	156.3	0.700843201
217.0818	151.7	2.102660167
218.0852	151.9	1.243547595
254.0446	154	0.258978938
259.0235	156	1.071360559
88.0397	158.4	0.613731626
207.1743	504.1	1.753239947
208.1776	504.1	2.335003068
269.1356	505.9	2.118482103
315.1776	506.1	1.618572547
333.2633	504.9	2.08414669
142.5358	155.1	0.053579481
163.0491	154.6	1.317697786
243.0377	155.4	0.315327883
245.0335	155.5	0.300068359
144.1019	148.6	0.106933095
145.1052	147.2	0.230245812
160.0967	143.5	0.485284811
283.1626	147.2	0.889595813
309.1782	147	0.966479481
121.0843	132.6	0.015278191
166.0862	131.8	0.702291998
167.0895	132.5	0.473870869
210.05	130.8	0.597772391
464.2827	489.7	0.198445946
500.3039	492.2	0.180340773
226.9512	90.3	0.589724001
229.1408	87.5	1.132481171
468.7812	83.6	0.361186453
634.8022	80.6	0.063212349
162.1124	120.3	0.741162412
163.1157	121.4	1.380969014
200.0683	122.9	0.780382132
485.3026	135	0.226287863
486.3059	134.5	0.440708827
541.3651	133.3	0.339271822
110.0273	151.2	1.425445208
215.9645	156.3	0.924932382
230.9164	154.1	1.615152121
188.0705	108.2	0.759361054
189.0738	108.2	0.702139067
237.1168	112.1	1.101345981
238.1201	112.1	1.389645296
235.1802	99.3	0.503120861
236.1835	99.1	0.087495486
363.1543	98	0.007500966
273.1361	100.2	0.264601388
274.1394	99.3	1.387343345
156.0421	146.8	1.97962548
158.0402	146.4	2.019150007
110.0716	148.7	1.343100311
131.0816	139.4	1.301592378
414.8497	93.9	0.373897947
428.6992	93.1	0.629341747
430.6963	93.1	0.718486049
434.6903	93.1	0.807258561
436.6874	92.8	0.26812671
488.6548	93	0.597928731
492.6489	93	0.928133449
496.6865	93	0.49787614
502.6777	93.2	0.383597339
548.8277	93.8	0.280189026
550.6073	92.8	0.779530731
556.6421	93	0.545257765
558.6392	93.1	0.493547392
564.6739	93.1	0.444259075
608.566	92.7	0.507217415
618.5947	92.9	0.147854634
628.6235	92.9	1.05698475
682.8051	92.3	0.7896264
89.0795	84.9	0.189099602
161.0636	178.3	0.957761803
174.0122	179.1	1.17522678
177.0869	178.3	1.013867452
189.0869	178.3	1.311043067
235.0922	178.3	1.021876049
247.0922	178.3	1.340616037
294.1009	178.1	1.007949859
316.0831	178	1.116323911
317.0838	178	1.159286995
332.0571	178	1.184360184
372.0712	178.9	1.471275701
585.1883	178	1.15281891
638.0996	178.6	1.245698081
639.1038	178.7	0.795999482
676.0536	178.6	0.543050863
130.0499	144.9	0.195300633
147.0764	145	1.100211936
171.0763	145	1.755038202
215.0512	143.7	0.547597278
231.0287	146.9	0.603366341
237.033	142.8	0.530552888
248.9987	139.8	1.105472154
253.0069	142.3	0.777230842
266.9699	139.8	1.491510263
267.0762	147.3	0.248615273
272.0551	147	0.319622057
275.0013	138.2	0.955842086
280.9466	140	0.139437163
322.9312	139.7	0.817133727
324.9284	139.4	0.802232046
340.9024	139.5	0.153644995
356.0076	147.8	0.047694234
375.0651	140.3	1.141042961
380.8898	139.3	0.760542903
131.9294	67	0.118879562
152.9948	67.6	1.027595812
194.0214	67.5	0.710770601
308.8575	68.1	0.115680721
310.8548	68.6	0.344705949
319.6841	67.5	0.203887393
339.8554	67.3	0.757803621
341.8529	67.4	0.240368779
359.0685	69.5	0.390763687
578.269	68.5	0.74106504
171.0056	148.6	2.029675727
161.096	553.1	1.339222254
165.1274	549.8	1.372394501
264.2401	550.3	1.667921501
411.2064	550.4	2.1519234
210.1852	527.6	1.606014644
228.1957	531.2	0.938959192
279.0931	526.5	0.995587913
279.2317	534.6	0.605315915
297.2422	534.4	0.804584305
315.2528	535	1.147014049
337.2347	535.4	1.780554776
191.0402	140	1.248414214
207.0141	140.1	0.7242143
338.9052	140.1	0.090256669
256.0574	159	1.358925403
296.105	163.5	0.430884183
333.0509	163.6	0.840492755
353.0354	165.2	0.119533006
377.0499	161.6	1.267535405
608.1742	164.7	0.627010851
638.0995	161.7	0.718672031
645.1263	164.3	1.160471715
646.1288	164.5	0.719454818
214.2528	523.2	0.684643954
230.2477	523.8	1.403442547
239.1277	519.9	0.905629403
261.1095	519.7	0.517400406
229.2353	86.4	0.554361601
335.125	78.6	0.896122165
386.259	87.5	0.592841752
445.3133	85.5	0.131283421
449.2869	84.7	0.549994754
455.3126	85.8	1.474606341
483.3441	86.1	1.040480142
493.3132	84.3	0.679236503
533.3655	85.8	0.638139943
534.3187	82.2	1.244646824
537.316	86.7	0.354129951
567.8916	88.5	0.871788781
88.0761	86.1	0.509636777
104.5471	143.7	0.059994323
113.0512	143.2	1.357094928
113.5335	147.8	0.620022611
120.5422	148	0.386212856
124.087	149.4	0.497594588
170.0924	150.3	0.956441479
205.0396	147.9	0.238560423
299.9988	146.4	0.257133824
91.0237	147.9	0.55685534
92.0405	143.9	0.188572041
108.5767	146.9	0.375267031
111.0749	150	1.737843095
115.0868	148.9	0.451479157
148.1161	149.1	0.742872402
156.0767	149.3	1.386732824
225.0719	144	0.172388863
262.0628	150	0.33443679
363.0761	543.4	1.617670437
404.1027	543.8	1.299069916
140.0107	194.5	1.19688082
98.9845	194.4	0.253692886
189.112	501.3	1.303685183
211.0939	501.5	1.263984286
183.9448	150.4	1.065632788
220.9345	149.7	0.410866994
224.9714	149.6	1.200588262
235	149.7	0.5909315
249.0453	144.5	1.239798232
290.0718	143.5	0.81128075
106.0396	94.2	0.997627071
470.3318	86.5	1.49065975
499.9043	88.7	1.027298236
554.3926	86.4	1.388013934
600.882	88	0.182993843
223.1328	549.1	2.013690482
256.1622	553.8	1.733618386
270.3152	554	1.903263265
272.1854	554.1	1.788533395
183.0782	97.8	1.819018097
323.9863	92.5	1.2658596
470.9933	92.8	1.493949115
248.9758	92.3	0.857927359
254.0257	93.8	0.312132758
272.9548	92.7	0.05532183
151.1117	548.3	1.308926185
199.1804	539.1	0.144653864
225.1484	539.9	0.974632397
178.5505	160.5	1.589199767
187.041	159.7	1.599493206
205.1182	154.8	0.761201171
226.026	159	0.673167004
295.102	163.1	1.500035782
586.1918	163.8	1.020356118
623.1376	162.5	1.261316187
116.0708	144.6	0.915519719
133.0972	149.7	0.684763051
241.0493	146.5	0.57452494
119.0856	569.4	1.630528958
163.148	569.5	1.172581873
176.1029	146.8	0.452456217
251.2003	572.6	1.835977891
130.0863	146.8	0.449770152
147.1128	148.9	1.178750575
160.0603	162.9	1.472629757
223.0635	549.4	2.033835953
561.3604	87	0.673820653
804.5506	86.4	0.182334396
872.5378	86.4	0.623298305
296.0207	149.7	0.992713938
306.0494	149.5	1.480566104
377.1452	91.2	0.792189351
445.1328	90.9	0.765277784
192.1382	528.8	1.073731606
345.0472	91.3	0.664224038
435.0166	90.8	0.843181666
129.0659	111.3	0.487840606
173.0296	111.9	0.04330582
143.0814	162.8	0.954712583
299.0558	153.7	0.486084119
380.1022	154.1	1.622515573
129.1022	85.8	1.103634466
296.8625	78.6	0.29523215
352.8238	77.8	0.108993378
163.0753	519.2	1.300218742
254.2476	521.2	1.595977806
368.2278	518.2	1.455890108
277.2524	544.3	1.931823457
182.0577	146.4	1.215002101
225.196	558.6	1.756347682
120.0557	576.8	0.740948338
144.9821	83.7	0.146579715
362.8526	79.8	0.090647929
214.9426	152.5	0.643241368
241.9033	153.8	0.751996753
372.3106	139.6	0.585977801
400.3419	146.8	0.656883803
425.3452	140.7	0.249600755
132.0768	107.3	1.635512959
176.0406	107.8	1.478897325
249.0649	167	0.292511009
405.2607	84.4	0.249187082
406.2642	83.4	0.082653134
132.1019	130.4	0.320334276
113.06	203.8	0.248957776
122.0602	198.7	0.503823388
184.9855	208.1	0.348351293
245.945	155.7	0.746866239
429.0215	160.8	1.16968733
144.0808	132.4	0.419241088
359.0911	140.1	0.952363309
102.055	163.7	0.405439957
174.8959	157.9	0.028503862
133.0608	146.1	1.171824313
177.0246	139.8	1.821868017
148.0604	146.8	2.465959495
280.0919	155.6	0.921883831
106.0502	144	1.08780218
332.96	138.7	0.888175274
212.2008	478.7	2.03401266
99.0445	486.8	1.683474923
276.1189	152.6	0.809713821
181.9299	95	0.632827047
314.779	93.9	1.597190624
316.7761	93.7	0.07616244
516.6548	96.6	0.615377552
548.6104	92.8	0.272668343
606.569	92.7	0.633401034
614.6006	92.8	0.526611806
616.5977	92.9	0.568882214
229.078	142.4	1.654030754
241.1545	138.1	1.426718737
525.2878	97.7	1.354431236
190.0902	164	1.609444997
331.0445	159.8	1.083820651
180.0545	143.3	0.695222766
142.0086	150.6	0.674538716
255.1589	554.2	1.943433134
337.2346	554.1	2.031196935
315.0795	191.7	1.245655752
317.0839	191.7	0.228777885
333.051	192.7	0.775910057
354.0394	194.9	1.735529592
607.1706	192.4	0.981375666
629.1524	192.5	1.611974049
645.1261	192.7	0.296755798
313.1778	67.3	0.294466985
101.0713	169.9	0.788202263
103.0322	148	1.684828202
107.0492	94	0.763605178
107.0706	204.2	0.985185306
109.1014	569.8	0.523157706
111.0205	313.6	0.885439079
112.0871	67.3	0.690700136
112.0872	146.4	0.602816872
114.0552	178.6	0.264168878
120.0657	110.2	0.632075911
122.0965	112.4	0.804682371
123.0442	106.3	1.048073464
126.0663	168.1	0.392874196
128.0455	214.9	1.602303601
128.0706	187.2	1.43709228
128.107	173.4	1.569842518
128.9505	474	1.268782395
128.9506	309.3	1.319003144
133.0317	133.9	1.555312856
133.0794	578.7	0.910539897
133.08	107.1	0.635859158
133.0971	201.8	0.455134251
133.1012	522.5	1.566670091
134.0447	149.6	1.960419676
134.0448	178	1.273763643
134.081	131	1.216761731
135.117	569	0.297786723
136.0756	106.9	0.143897217
139.1117	191	0.808787481
140.0818	307.7	0.520769373
141.0658	125.8	0.970405356
142.1226	479.2	0.560906532
146.06	126.9	0.246945719
146.0601	143.8	0.077049128
146.0812	143.9	0.952796994
148.0797	144.4	1.532137564
148.0967	136.3	0.828170195
149.0961	523.2	0.13097337
149.1325	569.5	0.179014213
150.0583	109.9	1.821093347
153.0658	103.4	0.840948897
154.0862	202.2	0.85880641
157.0058	67.3	1.273383876
157.0607	144.6	0.114804905
161.1284	148	0.458330802
169.1222	567.9	0.087708883
171.0344	499.9	0.635119035
171.1127	203.1	0.130730121
174.0678	144.9	0.339590323
175.1188	178	1.250905696
175.1189	147.6	0.61133913
176.0658	129.8	0.567616813
177.0545	568.9	1.357040049
182.0811	103.7	0.570117702
183.1379	551.4	0.823674573
186.1124	110.7	1.717253959
187.0712	164.4	0.039038649
188.1757	147.7	0.574863058
189.1233	142.2	0.403371044
189.1597	152.9	0.486143502
190.0497	69.5	1.176071614
190.0498	156.2	0.936479088
191.1026	155.3	1.292362936
192.9899	270.8	0.819035097
193.1223	538.8	0.2681931
195.1379	553.7	1.066074049
197.1535	568.8	2.201401423
198.0512	139.8	1.05420587
199.1009	108.1	1.547144728
199.1693	568.6	0.795559741
200.2007	88	0.933942596
200.2008	37.2	0.137059344
201.0388	145	0.109126434
202.1801	579.6	1.398693307
203.1502	145.9	1.819480862
205.0971	106	0.512194654
207.1491	97.3	0.417414203
209.0123	140.3	0.617697224
209.0128	68.3	0.313669069
209.092	108.8	0.268952703
213.1596	578.7	1.326790823
213.1597	495.5	0.609890746
216.0145	152.6	0.931717347
218.1386	118.9	0.17141126
219.0975	153.8	0.688712769
221.1899	500.1	0.702100827
223.0746	155	0.265176014
223.1691	22.3	0.482829558
226.0449	107.1	0.208494975
229.1182	133.8	0.211910863
232.1542	118.6	1.32682415
233.2011	485.6	1.318488624
236.998	156.7	0.407808653
241.0309	154.3	0.61960368
243.0271	154.6	1.590866699
243.065	148.3	0.002599988
245.0766	92	0.858918402
249.2211	519.5	0.948554117
251.1275	578.9	0.045753329
253.1795	16.5	0.699931226
255.0655	145.4	0.626865293
255.1951	28.9	0.850852527
267.1951	25	0.656481859
271.19	18.9	0.782628306
271.2264	58.5	0.250252484
277.1795	562.3	1.227701884
279.1589	191	0.165898968
282.1193	90.6	0.874497093
283.19	23	0.478137103
284.961	515.7	0.794731248
285.2057	25.3	1.695038295
287.0998	98.2	0.87132799
288.2166	106.9	0.202927203
291.2291	84.3	0.166616391
295.2265	29.3	0.652870172
299.0754	149.5	1.28252065
299.11	510.9	0.36062456
299.2214	30.9	0.049123862
304.1012	90.2	1.078315438
309.2057	497.6	1.47034559
310.201	104.9	1.885060094
313.1431	16.5	0.081153483
316.248	112.9	0.131436535
327.0886	113.2	0.015316627
327.2503	88.5	0.410179163
331.2476	518.1	1.825771156
353.2221	479.6	1.632524011
361.2345	84.9	0.585498754
373.2581	20.8	1.73146422
399.2504	68.8	1.579561899
411.2505	142.8	0.726575804
415.2112	569.1	0.977265724
419.2493	63.2	0.121285571
425.1357	107.8	0.204010984
429.2007	67.1	1.366668828
447.3467	148.4	1.100812108
462.9615	94.1	1.048079833
515.0822	92	0.260567304
516.2989	193	0.931220417
524.2747	564.6	1.172273605
581.3656	82.9	0.248409082
86.0605	197.8	0.782981346
90.0554	111.8	0.670050619
916.525	86.4	0.435565611
95.0608	88	0.294479029
104.071	109.8	0.490820366
284.2944	88	0.108226623
284.2945	66.5	0.421167501
301.0599	114.4	0.875932798
376.2592	112.4	0.411309352
399.2446	113.6	0.630354224
414.215	112.6	1.25465717
415.219	113.1	0.125051501
416.2126	113.4	1.194969902
479.359	113.5	0.658048908
228.2319	86.4	0.706994749
531.4073	88.3	0.560187174
335.2157	570.3	0.422736299
351.2294	571.4	0.149823869
478.2927	571.5	1.342314541
479.2961	571.9	1.417947209
480.2983	571.8	1.217253152
503.2962	564.7	1.019238906
520.34	567.3	0.975469445
240.029	149	0.266824148
244.1905	522.2	2.039870595
277.128	527	1.589244504
367.2243	518.2	2.053291914
257.147	148	1.637615809
453.1672	113.4	0.202071325
454.1706	113.4	0.287608729
424.3419	141.5	0.272272337
183.927	93.3	0.461196477
203.0524	93.9	0.520513875
225.0343	92.3	0.275206487
244.0789	93	0.539945454
261.0109	92.1	0.194557857
319.9728	92.6	0.582698963
322.9635	92.6	0.637244296
339.0271	91.3	0.477628771
380.922	92.9	0.707561653
386.9567	94.2	0.275065426
388.9538	93.1	0.236486683
428.9964	90.8	0.112855044
436.8836	93	1.041096272
444.9154	94.1	0.653031107
446.9125	94.1	1.215772513
448.9095	92.8	0.283193288
454.9443	93.9	0.050447442
456.9413	93	0.703197016
464.9732	92.6	0.45553359
475.0019	91	0.262175723
499.0328	92.2	0.500825094
501.0298	92.1	0.720884175
502.8746	94	0.797865784
512.9037	94.1	0.888544695
514.9003	93.3	0.265691586
516.8971	92.9	0.044088844
522.9322	93.2	0.58336667
640.846	93.3	0.879025578
382.9482	94.3	0.813131782
164.9979	94.9	0.957296542
219.9229	93.4	0.580156854
373.2322	86.9	0.579615494
401.2869	84.9	0.761630341
417.2221	80	0.675788398
430.2852	87.3	1.223939729
473.3081	87.5	1.070890464
481.2838	80.3	0.942815594
562.3636	86.8	0.190227509
577.3917	85.8	0.409829662
595.8676	87.3	0.278957552
665.4441	84.3	0.290856628
669.418	82.7	0.477461676
713.4439	82.2	0.536129213
731.8423	87.4	0.182590232
757.4698	81.9	0.240332535
760.8214	87.7	0.533677196
800.8289	87.4	0.459313367
825.5174	84.8	0.17354468
839.3392	87.7	0.458262201
870.5465	82.6	0.523012744
271.0397	92.2	0.521365816
916.2329	162.9	0.923848689
363.9293	88.3	0.254102316
432.9178	88.8	0.333253479
568.8928	88	0.041067667
704.8674	88.5	0.043685112
771.8533	88.4	0.056709236
456.2689	81.8	0.079945417
478.2821	81.4	0.682974693
490.2928	83.7	0.168364809
629.8615	86.9	0.266454645
636.8802	88	0.363567026
663.8551	87.3	0.053201766
669.3711	88	0.12462446
697.8486	87.3	0.148561873
703.3648	88	0.017969644
239.1752	530.8	2.105514712
270.2062	529.3	1.895595482
286.958	532.3	1.753554093
288.2895	530.1	1.244669367
197.0205	67.5	0.126569501
272.0992	65.4	0.556803163
210.062	91.5	0.497366793
259.0047	93.5	0.227635587
280.9866	93.6	0.184142124
105.0426	94.3	0.789960377
123.0791	89.3	0.474326566
342.2328	88.2	0.729427605
205.0818	161.2	0.112229977
227.0637	161.5	1.040921381
760.5829	88.3	0.566518918
783.5712	88.2	0.850266387
805.5541	86.1	0.136240362
309.1307	542.6	1.237450698
217.9792	67.5	1.081458136
230.9148	73.5	0.610090608
240.9435	76.8	0.571546481
343.0455	180	0.333550278
347.0121	180	0.69220868
379.9903	181.9	0.451996474
338.0651	193.4	0.938080167
286.0632	145.8	1.834532809
301.9619	147	1.676924028
302.0408	149.8	0.2919408
312.0695	149.7	0.299121232
204.123	100.1	0.786259835
226.1048	100.8	1.492507369
274.0117	95.1	1.062352625
300.9727	96	1.139404487
877.2781	163.1	1.146800662
899.2603	164.3	0.776110241
106.046	178.3	0.133202852
120.0809	178.2	1.327229267
1236.7321	87.2	0.331364687
126.0914	208	0.830713762
143.1542	140.6	0.191423344
153.0771	146.5	0.797170404
157.0834	248.2	2.270977045
160.1331	116.3	0.292968257
167.0676	144.6	0.270352835
179.0636	197.9	0.710802612
184.0731	153.3	0.544023486
191.008	108.6	0.016766023
191.9928	269.6	0.722999104
192.0144	129.5	0.639375527
195.0198	25.2	0.78197594
197.9925	268.4	0.66143517
198.0172	483.2	1.547128981
200.9956	45.8	1.06192803
201.0733	274.7	1.471887097
202.1185	133.4	0.49404535
203.036	145.1	0.044661267
211.0038	310.2	1.009236134
219.0264	131.5	0.39217964
225.0151	69.6	1.386227038
225.0465	130.7	1.285216257
227.0419	106.1	0.760028017
228.9865	319.6	1.412242538
229.1545	119.1	1.435861131
230.0511	92	1.455553674
231.9933	66.5	0.13706166
233.0783	481.8	0.523935982
236.0957	161.8	0.515780284
249.1079	178.3	0.70629519
259.0275	137.5	0.798544743
264.9893	157.4	1.532229622
267.1103	140.6	1.946855907
273.1208	148.1	1.967599873
311.2189	90.3	0.215728254
328.0823	113.2	0.540514504
333.2396	82.2	1.166129545
341.3159	72	0.406026851
344.2429	461.7	1.839292611
344.243	444.9	1.156301901
346.222	16.3	0.584679031
347.0168	157.4	0.722232451
360.1802	67.2	0.092726056
361.2709	88.6	0.164293574
365.105	91.1	0.914976142
366.1389	76.6	0.573185496
369.2213	518.4	2.339164306
393.2243	53.1	0.18957548
413.266	233.5	1.812574288
416.7115	99.3	0.963067147
435.0383	163	0.583123789
438.8807	92.8	1.030054539
439.23	36.7	0.813510661
476.2771	538	1.12661607
500.9052	88.8	0.256192616
501.2781	572.1	0.283416902
507.05	92.2	0.039785048
565.0086	92.2	0.04045379
737.3584	88	0.194061594
740.522	67.6	1.180263333
790.4732	92.7	1.208112469
102.0553	179.1	1.104873522
106.9508	101.4	1.150373174
106.9509	153.7	0.075064524
132.0555	146.2	1.431509629
137.0708	98.2	0.509714029
143.1179	106.6	1.378198687
148.0038	92.3	0.976851062
151.0223	156.9	0.940629097
152.0467	68.4	0.787099345
171.9929	375.1	0.180388749
175.0899	195.5	0.697757833
176.1222	147.5	0.689091133
179.0077	200	0.04494252
189.1121	486.5	1.184246767
195.0757	151.2	0.520026411
198.1488	489.3	1.318680962
198.1489	475.2	1.833820283
209.0365	149	0.176781797
223.0841	105.1	0.136545741
226.18	507.2	0.055330167
232.9884	66.8	0.570958638
258.1098	157	0.952843093
272.9442	141.4	0.922850444
276.0566	93.6	0.511321142
298.0524	152.1	0.182197231
301.1406	83.5	0.487365778
309.2269	469.1	0.516760818
317.056	172.1	0.946053069
327.1411	107.6	0.035902364
330.9949	93.8	0.003032178
365.1356	76.5	0.761197133
399.1388	100.8	0.933315179
399.2633	151.2	1.083267191
411.214	63.3	1.200962686
411.2634	151.6	2.29588717
429.1705	98.5	0.823976358
468.204	65.5	0.200680488
517.3342	87.2	0.78523714
543.3273	570.4	0.891303296
544.3395	564.5	0.290520903
660.0816	178.6	0.237771574
716.5222	20.3	0.246127969
103.0545	139.2	0.296701335
103.0546	111.6	0.302625002
103.0699	104.5	1.139195452
104.1073	96.9	0.451865141
104.1074	80.1	1.045319301
1043.3012	88.1	0.07171324
105.0338	571.7	1.900380136
105.1042	96.3	1.523551624
106.0459	94.2	0.850796877
106.9992	92.1	0.95887751
1077.2949	88.1	1.179447326
108.9489	102.2	0.737097765
109.0227	266.1	0.456231324
110.0086	145.1	2.678108996
111.0394	147.6	0.778163425
113.9635	46.4	1.087409524
113.9636	517.5	0.105769081
113.9637	438.4	1.640987448
113.9638	320.5	0.058829402
114.5586	144.2	1.472758019
115.059	144.3	1.00565412
116.0591	143.7	1.400110454
116.0709	477.3	0.076403771
117.0679	143	1.668356461
117.1388	149.9	0.776443731
118.0653	132.6	0.542939276
118.0654	571.6	2.264935202
119.0254	67.3	0.764503077
119.0686	572	1.719385549
119.0897	132.6	0.269267948
119.523	68.3	0.895072928
119.547	147.2	1.381749868
121.0399	147.8	0.947745667
121.069	139.4	0.052405489
1212.7684	88.1	0.368966476
122.9778	94.6	0.637886316
123.0457	145.4	0.703501639
123.9715	136.4	0.155730673
124.0482	99.2	1.587824125
127.5443	149.2	0.728030889
129.5357	68.6	0.118514111
130.0692	134.1	0.415631806
130.5091	156.5	2.42856849
131.0351	68.6	0.037451574
131.5335	16.4	1.228368528
133.0331	67.9	0.056653656
133.0591	341.4	0.568939639
133.0688	163.7	0.722458259
134.0188	134.7	1.289440341
134.1005	150.6	1.411858286
135.0028	99.6	0.132510762
135.5304	65	0.661446624
136.0215	578.3	2.124494993
136.0637	144.6	0.078104869
137.032	92	1.368239537
137.0514	97.9	0.206427802
137.0727	129.9	1.184074035
138.9952	69.4	0.365634897
138.9953	317.6	0.600691184
139.0178	148.2	0.810394772
139.9453	99.7	0.467890337
139.9878	407.3	0.179138434
141.0715	147.3	0.050312885
141.9581	69.1	0.755197238
141.9582	438.6	0.382920331
141.9583	272	1.125996694
142.0342	154.6	1.371064335
142.0517	144.5	1.127522188
142.1167	86.1	0.118247094
143.0396	360	1.223640006
143.0604	148	1.782427215
146.0187	91.5	0.030139123
146.044	163	0.699959352
146.1175	480.2	1.351775344
147.0028	99.8	0.814403921
147.044	107.5	0.401926731
148.0254	91.8	1.352027258
148.9933	91.7	1.156842122
149.0232	196.8	0.479313295
149.0233	525.1	0.980272021
149.0597	133.3	0.842341076
151.0352	178	1.985114519
151.0353	146.5	0.650348053
151.0965	212.6	0.540155876
153.0109	206.4	0.312000939
153.0393	144.8	0.61866338
153.9932	25.3	1.396728024
154.0201	99.4	1.489137856
154.049	149	0.18062218
154.0872	146.1	0.294402237
155.0082	149.5	0.068960235
155.0687	133.2	1.264095857
155.9906	67.3	1.067727715
157.0971	143.7	0.372873543
158.0028	230.7	1.16293901
158.0679	134.2	2.651677733
158.1538	28.5	0.612145978
158.1539	539.2	0.732754504
158.9219	158.4	0.286464916
158.986	264.9	1.03603993
160.0344	139.1	0.67777478
161.0184	106.6	0.064269452
161.0637	196.1	0.516259247
161.1324	550.7	0.715922697
162.0457	154.9	0.468266372
162.05	110.7	1.804160292
162.5472	153.4	0.039453114
163.0752	67.6	0.020176224
163.1117	526.8	1.926534988
163.5635	144.5	1.775720133
163.9902	68.9	1.206106898
165.9828	46.8	0.665470101
165.9829	156	1.997297227
166.0667	98.4	1.375117417
166.071	143.7	0.026503179
166.5735	144.5	0.530655175
167.143	568.8	0.641361189
167.9819	375.5	0.26770294
167.982	536.7	1.813425606
168.016	200.2	0.431391394
168.9933	245.3	1.127811829
169.0355	91.6	0.156136414
169.1335	476.1	1.225314418
170.0325	129.7	0.83180888
170.0923	177.8	0.186913675
170.9608	66.3	0.635136615
170.985	68.7	1.052495606
171.5522	149.8	1.410059188
172.0401	103.9	1.340115695
172.0538	150.3	2.078750545
172.1694	26.6	1.144382003
173.0783	98.9	1.319146766
173.092	134.2	0.28177019
173.1284	109.8	0.77267421
174.5623	149.6	0.226209512
175.0341	108.6	0.017509983
175.0645	146.1	0.821753286
177.0746	130	0.350055543
178.0092	200.1	0.291197252
178.0586	151.8	1.641274937
180.0032	135.9	0.074380091
180.0443	148.3	0.349868731
180.0444	333.9	0.363656383
180.9896	69.6	0.592867008
180.9897	463.7	1.715105572
181.0143	515.4	0.331619314
181.0191	153.6	0.733239942
181.0372	98.9	1.824183878
181.0514	146.7	0.019304781
182.0225	153.6	0.769463958
182.1539	479.9	1.391016105
183.0351	149.4	0.017189651
183.0611	144.8	0.062687205
183.0803	88.4	1.0424521
183.9746	158.9	0.029226605
184.0653	150.7	1.982051182
185.0233	148.7	1.551522704
185.1144	478.4	0.026367002
186.9561	273.8	0.551841572
188.1296	578.5	0.831081234
188.9977	303.8	0.129038202
189.0035	133.3	0.151172559
190.993	330.9	0.204904405
191.0765	152.1	0.248402719
192.0436	139.3	0.657682912
192.0616	178	0.57143498
192.0617	275.7	1.076881581
192.0618	145	0.038737765
192.1381	24.5	0.00040708
192.9985	141.3	1.394564375
193.9736	148.7	1.784861718
193.9891	461.3	0.951136495
195.0315	148.1	1.590678697
195.1016	531.7	0.045866894
196.0348	149.1	0.261548446
197.1008	145.3	1.307215075
198.0582	105.3	0.552706973
198.0977	106.2	1.183114667
198.1851	37.5	0.168757187
199.0139	149.7	1.581385533
199.0293	176.3	1.247119357
199.0294	462.9	1.078234506
199.9878	313.6	0.584826011
200.9917	316.9	1.639450944
201.9908	68.5	0.530588765
203.0216	46.8	1.524430036
203.0525	134.8	0.135897043
204.0201	67.9	0.916214794
204.0558	92.5	0.252306365
204.1382	525.3	1.658115303
204.1383	509.3	1.138379498
205.017	69.2	0.067153481
206.0208	68.4	0.095327125
206.1004	107.9	1.416094189
207.0174	68.1	0.872635311
207.1102	104.3	0.083562297
207.159	472.3	1.60839065
207.1742	61.5	0.926649759
208.1136	104	0.459411123
208.9938	143.2	0.721623853
211.0675	143.9	0.096722699
212.9993	93.8	0.318278132
213.9827	67.5	0.254893195
213.9828	273.3	0.712575123
214.0895	113.6	0.570077274
215.0144	160.6	1.612975947
215.1253	102.6	1.212460603
216.0606	108.3	0.233585181
216.9226	113.8	1.528583226
217.9793	407.2	1.476192416
218.0373	157.6	0.759473522
218.1539	542.2	1.968114185
218.9841	156.8	0.963139008
222.0161	68.8	0.164564162
222.988	140.3	0.661392402
223.0636	530.6	0.823368885
223.5674	151.2	0.532547935
226.0119	494.5	1.052606
226.012	327.1	1.371892672
226.9513	127.1	0.414200449
226.9684	152.4	0.128053264
227.045	148.6	0.8363327
227.9826	273.3	0.863457423
228.0073	68.9	0.950665914
228.5825	71.2	0.139646671
229.0682	477.9	0.996460645
229.1407	472.2	0.234927088
229.1796	21.6	0.66969265
231.0544	93.6	0.189076689
232.9853	95.1	1.334604234
232.9979	378.3	0.589242114
233.9126	92.1	1.11631705
234.6056	65.5	0.752430286
234.9811	93.3	0.788242745
235.0923	200.4	1.480462483
235.1803	162.1	0.394061185
235.2054	508.1	1.451387285
236.0714	114	0.540591746
237.0197	69.2	1.108101518
242.0219	66.8	0.25012666
242.0343	154.2	0.017936904
243.0172	68.3	0.696768088
243.1952	31	0.594799279
243.9413	91.1	1.039286348
244.0317	155.2	1.624580955
244.0331	155.1	0.824804401
244.2633	131.8	0.844125776
245.9932	221.6	1.528396905
246.1697	101.6	0.669505143
249.0608	107.9	2.223111682
250.099	94.3	1.115684763
250.9722	80.5	0.195916295
251.1364	140.5	1.931604184
252.9719	157.2	1.761573595
255.1187	65.7	0.307160642
256.2631	88.2	0.629133434
256.2632	132	0.078451467
257.0739	165.9	1.74044287
257.1744	17.2	0.30196741
257.2108	36.6	0.950397679
259.0675	159.3	1.153405387
260.0106	157.3	1.057621375
261.0455	132	1.651812061
263.0873	178	1.48162345
263.2368	549.7	1.705247612
266.2112	542.2	1.999818244
266.2113	524.4	1.295919399
267.031	92.1	0.875047602
268.6606	64.7	0.309543281
269.1744	18.5	0.582463156
269.1745	554.3	0.234126798
270.9578	94.2	0.321239409
271.043	149.5	0.210357962
272.043	92.8	0.404108646
273.167	462	1.441105443
277.0598	93.6	0.276121806
279.093	18.7	0.657793032
288.2894	113.6	0.057547786
292.1629	67.1	1.233177225
292.6645	67.2	1.14524867
293.0339	127.6	0.173329306
293.0975	178.2	0.379750538
293.0977	269.7	0.019248373
294.1011	258.8	1.00575878
294.9386	89.3	0.658722707
296.0552	151	0.761221509
296.0921	144.5	0.918016027
296.1051	197.7	1.076742483
296.1458	49.4	0.728447398
299.1098	24.4	1.236539753
299.1099	526.8	1.783825897
302.881	121.6	0.733781964
304.2843	135.9	2.354240013
305.1567	98.2	0.844042048
307.1374	133.4	0.549481853
307.1884	31.5	1.066473625
309.1305	88.1	0.465510658
311.1849	26.9	1.581293431
313.6767	67.5	0.203991653
314.2322	109.2	0.676223862
315.0794	178	0.702707157
315.0796	246.8	0.237630268
315.1147	142.5	1.389178244
315.2139	78.3	0.21332778
316.3208	135	0.321998373
317.2683	33.6	0.43304528
317.2685	551.1	1.61970318
318.8863	69.4	0.686488555
318.9695	94.5	0.20526589
319.224	76.3	1.238145772
321.2036	37.7	0.403344572
324.9896	94.3	0.414884326
326.9866	94.2	0.721484192
327.0077	23	0.382050869
327.0079	551.8	1.46209092
328.0111	22.2	0.826664751
328.9836	92.8	1.828890719
329.0048	22.8	0.480418511
329.0049	551.7	1.575778493
330.0081	23.4	0.752834036
331.0018	22.9	0.842481924
331.2088	469.2	1.64046883
334.1934	66.7	0.161319659
334.2222	576.9	0.533600407
334.9434	99.2	0.100821078
335.2191	43.1	0.819246167
337.0614	165.9	0.4490211
337.0615	227.8	1.317833296
344.0136	180	0.482962991
344.0344	570.6	0.934456054
345.0237	104.1	0.903928457
346.0091	178.9	0.752890618
346.0092	159.8	0.067297423
346.0093	415.1	0.308657024
349.0171	180.2	0.131860386
349.1829	98.1	0.954499609
350.8106	97	0.38066332
350.8107	119.3	0.335383781
355.0335	164.1	0.584236037
357.2607	85.2	0.402844746
358.0208	193.4	1.334723692
358.3677	149.8	1.150810949
359.0431	165	0.720320855
359.0433	194.9	0.141688368
360.2434	78.8	1.001161501
362.2169	25.6	0.077088757
362.9259	89.3	0.492740002
362.926	124.1	1.058714552
363.2503	80.3	0.967599524
367.0292	90.9	0.839276399
367.1724	29.4	1.734713335
367.1725	32	0.229276455
367.2244	502.8	0.829850363
368.2792	130.5	0.408551448
368.9985	179.4	1.175628426
368.9997	160.1	0.258900458
369.0095	163.4	0.141831074
369.3512	18.2	0.351426806
371.0194	181	1.923123549
377.2659	78.7	0.178434204
378.0408	165.5	0.603208176
378.2118	36.1	0.128780354
378.9	97.5	0.335279323
380.2558	530.1	1.903422948
382.9935	181.6	1.230398047
383.9648	179.1	0.351110122
383.9827	180.9	0.317594379
385.2556	88.2	0.493340413
387.0402	551.8	1.055303258
388.3933	21.5	0.97879774
389.1356	91.7	0.264887756
390.2483	16.5	0.093492033
390.7987	113.5	0.253201153
390.9895	178.9	0.416944813
390.9917	161.8	0.666035402
392.7058	98.4	0.972391812
394.974	93.1	1.205432613
395.24	88.7	0.696842249
395.2401	67.8	0.330346334
398.3262	140.4	0.314535862
405.046	179.1	1.269630129
409.1831	99	1.133741275
412.7173	99.8	0.729447436
416.0733	551.8	1.781168495
420.8846	92.5	1.087678723
420.8847	118.2	0.457207451
421.2322	76.7	0.259755802
424.2456	58.5	0.453409237
424.7433	124.6	1.846282629
426.7405	98.9	1.009669967
429.2819	88	0.438663955
432.7634	64.6	1.063635625
432.9763	161.7	1.156318235
434.2747	30.6	0.107318396
435.1396	88.5	0.307723693
437.1932	114.4	0.25945517
443.1625	67	0.802210459
446.2666	84.1	0.021479464
447.3464	88.3	0.453497155
451.209	30.5	0.883302702
452.277	551	1.715787077
453.2093	99.1	0.945840571
454.1705	137.3	0.113474519
455.1645	113.6	1.271224689
456.6991	97	0.806449762
463.1541	65.3	0.636336508
468.2795	84	0.546071654
469.3284	86.4	0.446117739
469.3286	142.6	0.730502785
474.3115	87	0.103991858
481.0221	91	1.544193998
481.2616	97.7	1.372400226
482.702	98.6	0.972550706
490.869	92.2	1.092673185
492.8453	93.9	0.211933776
496.8144	95.7	0.483943777
497.2355	99.1	1.263383304
502.2927	564.5	0.874719135
505.0529	92.3	0.115483894
508.1495	162.7	1.175878418
510.7095	93.4	0.026647478
511.0734	92.4	1.593961762
512.3057	82.5	0.605280653
512.3788	33.4	0.08860557
512.379	68.5	1.593377032
512.8874	93	1.711361051
513.1209	91.5	1.140177158
514.6577	96.8	0.177030164
517.1279	159.9	0.660410236
518.3379	87	0.281786388
524.6866	96.4	0.69105007
526.2928	558.6	0.796087075
528.2983	576.7	0.7311858
528.9519	94.1	1.335900322
532.4108	33.6	0.309279871
537.3392	83.3	0.094708705
552.8007	92.9	0.974752924
563.0115	92.3	0.342658919
569.3634	135.2	0.593381629
569.3839	86.5	1.546802248
605.3866	86.7	0.054490567
607.1709	164.5	0.997888571
621.4178	85.8	0.30292753
630.8175	93.3	0.224286634
632.9963	92.4	0.152307447
635.3773	88.1	0.02550737
644.831	84.3	0.481763009
645.4612	69.1	1.979808193
668.8694	87.9	0.055731317
693.439	86.1	0.254804731
694.8315	87.6	0.69013379
709.4698	83.8	1.065932882
722.703	93.3	0.837556326
724.7224	149.2	0.254526808
725.2239	149.3	0.42790155
739.4714	84.2	0.102994229
769.5563	20.9	0.324805017
780.5507	86.7	0.501596482
780.5513	154.6	0.525881121
780.5522	559.1	0.844565268
781.4919	85	1.113158769
785.5876	20.8	0.854801484
785.5879	563.8	0.143495943
800.5018	92.8	0.392720294
805.3454	88	0.247411608
807.5709	86.1	0.157726866
807.5721	21.6	0.43505841
807.5722	67.8	0.22318081
811.6035	20.3	0.313051759
812.5277	93	0.442430327
834.8229	87.2	1.05822558
867.817	87	1.40821143
88.0636	146.2	0.441920223
94.0455	144.5	0.617995293
941.32	88	0.047014193
969.7981	87.5	0.135392058