mz	time	Subject1TP0	Subject1TP1	Subject1TP2	Subject1TP3	Subject2TP0	Subject2TP1	Subject2TP2	Subject2TP3	Subject3TP0	Subject3TP1	Subject3TP2	Subject3TP3	Subject4TP0	Subject4TP1	Subject4TP2	Subject4TP3	Subject5TP0	Subject5TP1	Subject5TP2	Subject5TP3	Subject6TP0	Subject6TP1	Subject6TP2	Subject6TP3	Subject7TP0	Subject7TP1	Subject7TP2	Subject7TP3	Subject8TP0	Subject8TP1	Subject8TP2	Subject8TP3	Subject9TP0	Subject9TP1	Subject9TP2	Subject9TP3	Subject10TP0	Subject10TP1	Subject10TP2	Subject10TP3	Subject11TP0	Subject11TP1	Subject11TP2	Subject11TP3	Subject12TP0	Subject12TP1	Subject12TP2	Subject12TP3	Subject13TP0	Subject13TP1	Subject13TP2	Subject13TP3	Subject14TP0	Subject14TP1	Subject14TP2	Subject14TP3	Subject15TP0	Subject15TP1	Subject15TP2	Subject15TP3	Subject16TP0	Subject16TP1	Subject16TP2	Subject16TP3	Subject17TP0	Subject17TP1	Subject17TP2	Subject17TP3	Subject18TP0	Subject18TP1	Subject18TP2	Subject18TP3
193.09709	101.88	126.39	234.11	162.68	115.29	172.44	171.53	180.31	114.94	224.14	195.09	189.45	122.79	212.02	243.48	188.42	138.91	241.59	192.95	214.74	98.69	270.03	176.79	208.73	78.04	247.82	176.51	175.78	98.94	260.63	181.93	178.06	111.58	218.95	176.24	200.29	112.77	140.23	157.38	124.62	114.34	147.23	165.29	125.85	128.41	126.35	139.75	127.95	74.86	124.92	155.12	109.4	86.88	145.57	142	135.29	83.08	116.95	142.28	113.43	118.26	80.81	146.03	130.52	103.4	79.58	168	109.35	88.19	138.12	166.61	115.05	83.05
104.07101	114.84	108.9	133.53	128.66	205.38	121.48	112.23	142.97	199.35	127.44	102.45	173.31	252.14	123.96	96.93	118.7	234.54	146.33	109.1	178.69	233.61	154.27	138.81	157.97	213.18	176.06	108.79	142.11	116.14	138.78	131.42	172.65	214.14	159.19	102.17	137.67	211.04	120.1	69.85	65.75	92.68	121.22	70.04	76.06	91.89	81.18	73.14	80.93	92.69	110.68	66.84	79.72	92.89	93.5	62.98	87.39	98.32	84.59	65.18	99.23	36.94	85.1	80.49	95.17	115.22	113.47	65.32	53.29	113.25	106.68	74.04	66.5	88.96
104.07101	115	124.1	166.84	156.18	82.57	158.4	190.09	152.89	100.76	155.75	174.85	153.14	112.76	171.54	150.37	163.49	116.06	198.78	161.53	247.61	122.94	167.38	186.12	194.59	93.05	208.24	150.15	140.97	55.62	200.32	138.59	145.99	89.44	192.49	131.44	145.89	93.38	102.94	67.11	83.99	86.86	110.09	98.61	77.91	100.75	136.32	92.56	86.79	75.62	144.39	65.27	110.24	94.26	136.48	77.62	95.43	60.3	135.98	87.54	65.37	92.04	112.09	58.9	92.35	72.92	132.84	97.12	80.71	79.01	144.75	85.78	73.61	83.68
137.04564	76.31	688.13	739.41	529.62	354.46	828.48	660.76	545.32	318.51	798.21	714.6	617.95	400.94	815.2	696.85	611.31	354.28	909.08	792.05	650.85	386.48	897.32	729.1	638.99	420.19	967.92	765.14	579.41	369.82	929.8	759.62	617.5	339.81	989.48	781.37	606.77	386.24	289.67	359.43	240.13	294.74	314.71	338.43	203.29	264.08	349.01	365.76	245.06	283.41	327.8	354.82	228.03	263.83	300.57	362.51	242.41	282.21	280.17	344.99	253.88	273.4	304.37	325.89	292.93	292.98	317.8	318.16	205.93	245.92	310.23	330.51	230.27	270.3
241.03079	130.84	117.8	110.31	114.56	99.99	144.39	155.33	114.47	122	147.16	132.82	129.78	94.86	128.26	161.38	119.12	96.73	177.26	134.94	149.39	134.12	163.22	146.12	148.26	108.68	159.39	140.75	119.11	65.83	170.45	131.79	163.58	104.63	167.33	112.88	142.58	85.38	80.53	84.3	42.33	62.04	73.74	97.78	58	79.33	91.7	82.39	69.71	83.58	77.86	65.56	74.11	82.9	90.53	75.27	80.46	81.88	92.77	52.94	67.99	84.21	91.27	69.54	77.13	85.27	93.18	83.68	57.01	65.09	92.12	82.63	70.9	75.53
134.04476	132.94	182.72	209.42	144.61	92.6	255.9	199.4	179.54	74.58	231.99	196.13	159.57	91.78	188.64	195.08	197.85	103.8	262.23	222.68	185.3	99.44	268.97	206.42	185.65	95.57	282.9	215.2	175.81	99.19	304	191.71	158.61	95.21	270.61	222.76	180.5	90.87	112.55	112	68.97	81.16	93.07	114.11	67.45	81.35	94.92	94.97	73.85	85.08	82.15	103.22	57.07	79.48	94.9	105.34	69.46	82.5	98.08	108.68	81.7	105.63	91.55	82.02	105.9	90.99	75.7	109.98	50.27	81.69	94.38	90.03	72.56	69.49
204.12302	70.49	66.6	230.29	128.91	104.29	71.66	220.06	128.29	112.66	109.62	193.21	163	129.79	99.47	205.28	187.58	126.18	130.51	191.73	165.95	132.7	127.33	207.66	153.23	107.23	139.5	172.98	169.18	97.72	125.79	192.22	142.33	92.14	125.86	191.66	164.23	85.39	40.16	208.59	98.6	101.5	0	197.12	94.93	128.98	88.02	183.9	114.14	81.96	89.63	188.38	111.72	80.32	91.33	180.19	111.23	84.57	76.1	208.46	115	106.65	91.91	199.67	115.16	109.52	91.25	178.91	110.19	56.93	88.38	181.38	105.98	82.4
132.07675	102.12	195.24	217.44	140.85	111.21	273.72	215.96	150.1	92.26	209.56	197.48	194.39	102.03	225.12	223.14	161.06	116.06	262.39	200.53	181.36	122.36	265.6	204.65	168.21	111.58	278.34	214.83	156.23	89.9	287.3	203.99	163.55	95.51	282.26	244	168.87	103.74	85.17	118.48	80.29	95.24	93.97	103.86	72.17	96.63	77.64	115.69	95.04	72.48	94.63	79.63	86.98	86.42	91.99	102.28	84.38	92.48	90.37	111.47	76.57	76.41	96.95	90.17	76.2	100.45	97.8	99.45	80.87	75.82	100.32	115.96	67.1	74.8
170.09226	125.43	239.01	280.89	189.01	126.87	323.59	270.7	205.75	99.2	293.59	235.59	170.78	100.7	282.39	269.96	197.44	133.91	293.17	234.59	174.77	107.34	279.43	230.53	188.53	110.94	282.18	233.76	177.3	111.37	292.42	233.29	190.43	69.49	247.13	237.66	174.65	131.76	93.98	130.44	56.11	81.63	102.69	100.17	70.87	86.37	70.47	102.67	69.06	73.99	85.96	104.77	68.76	75.99	73.99	106.81	74.19	81.45	133.9	144.91	92.15	71.06	96.17	119.69	0	73.51	101.17	123.25	79.78	64.28	100.15	124.64	70.98	57.86
195.08769	172.63	148.76	142.78	96.91	43.25	165.6	126.21	77.48	66.47	150.73	114.58	104.28	67.51	155.77	129.85	114.59	59.92	160.21	127.66	112.25	63.24	155.91	141.24	107.8	75.36	171.12	136.21	107.49	47.46	172.89	110.72	91.14	54.88	170.06	143.16	101.18	71.51	55.14	56.03	54.96	0	62.47	68.89	53.51	39.36	56.7	99.04	47.83	40.21	45.83	62.64	31.6	56.09	51.19	67.54	45.07	57.03	55.91	63.85	50.5	41.4	51.5	64.84	37.89	0	0	62.88	0	48.59	46.36	65.81	33.07	40.2
369.12935	49.7	181.53	276.26	172.34	108.32	316.7	230.51	196.95	93.32	252.36	198.72	260.6	134.18	282.32	234.27	234.3	174.1	373.89	253.28	265.07	127.07	361.44	261.46	267.78	135.44	286.7	168.92	205.04	102.04	306.99	178.22	220.34	108.56	288.1	132.67	234.75	61.57	64.38	84.65	84.68	78.03	0	63.46	74.12	68.41	85.1	90.79	58.06	58.85	62.47	65.32	77.85	61.08	77.42	94.98	54.2	0	67.58	60.71	59.88	82.37	60.71	77.79	78.9	57.87	85.83	89.34	78.91	10.23	85.61	82.57	51.33	60.57
124.04031	124.95	109.65	92.99	81.06	80.98	119.38	105.93	72.48	61.64	103.34	77.07	88.63	59.44	94.77	83.23	85.93	72.76	124.53	100.04	93.22	54.36	142.19	96.18	101	53.8	134.41	100.74	85.17	67.81	124.88	101.89	97.5	52.33	120.86	97.66	91.56	52.49	54.9	51.14	0	0	0	57.8	0	26.66	49.28	43.18	31.73	34.46	51.05	44.97	43.75	0	57.31	43.23	52.96	37.42	31.12	41.07	79.04	30.88	47.87	54.41	57.47	51.05	0	36.04	52.32	54.5	59.95	54.06	0	28.6
133.06077	123.44	1067.74	762.63	489.61	345.36	1312.55	757.2	517.71	308.37	958.22	733.3	548.31	334.52	898.44	738.24	463.41	329.66	1143.02	765.28	565.2	337.97	1100.27	744.14	532.72	369.91	1195.89	789.17	585.08	345.72	1135.14	790.53	679.75	353.8	1244.75	802.99	603.85	308.56	295.52	413.9	243.08	284.27	268.08	457.47	231.17	275.72	320.84	506.91	324.74	344.77	337.22	457.95	331.74	368.65	294.3	490.88	352.73	347.04	313.68	438.64	320.6	294.62	326.49	414.67	306.81	333.49	293.37	599.82	236.2	212.28	311.12	567.13	248.83	257.64
162.1124	94.04	184	201.48	113.56	74.51	225.77	191.52	122.89	63.36	219.88	160.51	134.34	108.23	199.46	176.96	154.38	101.7	275.09	211.82	160.17	91.06	265.54	183.27	182.27	105.09	258.19	201.25	157.41	89.06	276.47	187.02	159.1	107.45	246.36	213.34	172.25	92.74	84.37	105.59	65.17	79.21	82.18	88.94	68.65	66.88	64.8	92.52	77.21	57.88	89.92	99.07	80.07	65.17	111.88	99.41	65.97	60.31	82.65	93.44	61.86	66.88	91.87	86.23	59.66	84.41	79.15	105.57	56.44	67.46	73.94	90.13	47.87	60.82
457.11102	99.87	284.45	220.84	140.01	85.71	281.84	200.89	142.56	81.68	201.98	184.6	162.77	100.36	196.55	186.78	156.6	131.81	270.89	202.66	189.49	114.25	275.29	252.88	167.91	109.62	234.71	198.94	156.08	70.84	238.42	225.87	182.34	62.95	263.78	227.35	142.6	73.93	99.51	98.56	91.11	107.12	113.9	125.38	83.98	93.49	120.88	116.54	75.76	59.44	107.98	122.75	67.57	66.06	90.33	106.77	77.26	72	83.6	94.33	88.5	83.07	89.35	116.65	80.93	60.65	78.03	97.86	53.87	72.41	89.61	108.92	76.84	71.88
147.11277	124.37	552.98	633.13	516.21	208.16	677.56	568.84	529.04	217.09	702.26	614.88	556.08	316.35	699.94	651.51	531.35	343.56	702.41	576.52	683.74	262.73	642.02	607.76	676.52	277.45	925.22	602.78	649.09	252.91	910.81	593.13	648.87	237.61	940.23	579.73	633.89	237.05	453.63	228.39	239.3	247.88	467.37	227.24	226.71	218.6	478.68	179.89	306.62	244.56	480.88	164.47	295.19	245.3	508.36	172.75	272.97	266.5	560.65	222.92	268.15	314.12	563.75	196.74	254.76	313.55	497.54	158.42	254.47	288.21	526.63	140.85	247.52	254.34
258.10637	63.26	202.26	338.84	446.7	412.78	257.62	391.02	456.28	421.24	193.63	345.41	455.79	511.05	189.08	365.77	487.14	549.19	262.12	377.52	471.9	462.49	248.86	400.58	493.98	477.73	280.01	383.87	501	471.9	299.29	366.21	463.76	431.78	243.32	372.28	451.81	438.15	336.15	553.47	671.26	838.18	358.63	601.74	690.99	796.52	347.91	488.5	820.07	961.63	344.03	547.36	829.85	902.22	348.08	543.45	811.72	901.91	319.89	553.76	808.85	889.81	334.36	533.06	910.68	853.14	325.62	507.89	734.38	682.55	319.77	550.2	741.23	720.24
258.10637	64	53.85	400.41	592.33	615.6	50.5	359.87	670.96	620.78	0	361.39	695.51	698.74	50.67	398.54	628.26	660.88	68.13	382.29	701.3	641.63	55.69	374.81	721.5	650.98	39.53	341.24	676.1	629.38	56.38	371.14	748.37	578.48	0	395.88	720.83	621.88	0	91.08	0	66.75	38.44	84.96	0	0	46.52	62.25	68.02	72.49	56.58	43.26	77.11	82.18	47.62	0	55.46	92.96	32	0	0	60.8	0	58.57	57.44	68.61	0	56.25	54.3	69.96	0	0	74.55	47.19
203.05242	59.54	163.16	165.38	134.24	58.4	205.91	198.26	119.35	62.78	57.42	211.63	39.86	54.06	0	198.75	59.19	62.07	98	200.06	91.53	165.03	84.41	184.67	97.03	149.58	371.6	245.1	37.25	84.67	378.13	254.07	0	100.84	356.06	223.63	30.75	76.02	323.65	594.15	804.48	713.25	275.31	581.18	845.79	818.83	280.95	636.14	849.47	843.93	242.49	636.1	910.16	818.17	224.75	641.1	824.46	60.79	315.24	591.38	1712.31	1138.42	329.26	624.35	1817.35	1149.73	328.29	656.97	693.85	552.93	293.82	613.21	716.62	582.23
153.05442	152.16	58.93	350.21	101.2	139.41	69.08	335.05	116.34	131.66	69.41	348.86	151.2	127.14	60.43	310.26	140.38	128.7	90.27	373.81	166.56	128.87	83.55	373.9	170.02	119.89	79.19	338.38	155.08	137.14	84.78	316.01	128.12	122.14	83.03	342.72	159.05	153.1	354.57	181.79	162.64	42.67	335.27	172.8	183.12	33.73	514.54	208.44	212.56	37.12	535.74	152.32	198.68	46.96	498.91	148.86	229.25	30.65	418.98	198.44	229.07	38.74	383.86	178.36	212.97	35.34	411.62	149.88	182.72	20.74	421.89	157.49	208.31	34.88
363.21618	41.99	0	34.38	0	0	0	27.68	21.33	0	0	21.24	6.13	11.34	14.68	0	0	0	0	0	0	0	0	22.88	0	0	59.66	33.95	0	0	47.82	39.18	0	0	65.7	39.94	0	0	46.33	92.65	106.89	79.27	38.61	85.38	111.72	98.08	37.1	81.17	82.74	89.13	0	85.26	98.17	88.89	31.37	73.22	99.83	100.31	54.8	88.85	203.65	149.74	0	73.81	220.64	151.54	40.28	72.59	81.52	68.81	42.69	78.68	94.27	74.62
363.21618	42.5	200.16	216.87	140.8	77.56	289.41	244.95	182.96	49.32	55.64	248.88	56.06	89.28	66.8	251.06	45.15	75.85	71.43	244.89	72.19	165.72	74.27	268.45	81.28	198.61	433.62	314.16	0	74.59	440.22	318.11	73.92	97.84	485.61	312.02	52.65	91.58	412.9	755.57	967.36	911.11	380.51	711.1	1063.61	865.34	347.99	796.11	1091.59	1013.92	333.23	787.61	1076	996.75	331.04	811.29	1050.76	1026.17	450.85	893.71	2238.07	1654.47	420.99	803.67	2133.99	1611.03	387.03	749.53	920.14	747.04	396.71	701.37	875.71	712.8
181.04841	126.46	0	114.54	91.48	76.4	0	115.1	114.25	58.91	55.56	98.51	84.91	84.49	0	103.34	96.18	97.98	0	143.33	88.26	94.56	0	139.98	79.35	94.67	0	117.94	82.22	104.34	0	112.53	86.6	84.93	0	105.68	72.73	103.81	62.61	0	62.43	49.08	57.13	67.84	64.58	0	58.64	0	0	63.65	0	46.68	0	0	49.64	0	56.14	0	0	63.46	41.29	47.37	55.49	49.84	51.33	0	64.61	51.48	39.57	0	54.21	60.14	46.26	35.64
120.06562	119.55	43.93	877.32	497.97	410.99	0	812.19	509.49	407.68	64.27	754.65	496.76	478.09	41.64	795.8	468.86	463.32	45.41	960.14	537.78	488.88	0	913.49	540.38	468.99	74.71	811.54	533.09	430.84	77.4	899.46	556.64	393.21	91.37	801.14	554.69	393.66	0	0	139.8	0	155.77	0	0	0	34.61	0	0	0	191.76	0	0	0	0	0	0	0	239.84	81.95	0	0	0	69.96	0	43.39	0	0	0	0	34.92	0	0	0
123.05531	52.82	249.21	1837.45	684.77	733.28	362.62	1784.12	688.19	754.99	325.87	1826.53	786.8	631.36	318.1	1845.83	749.95	650.22	441.2	1970.61	833.62	720.62	484.22	1885.02	928.41	745.63	453.53	1639	812.94	728.75	411.9	1670.97	882.56	730.86	436.09	1613.93	800.18	758.85	1931.9	876.48	1016.68	164.69	1922.65	809.67	977.87	197.3	2461.92	858.58	1180.79	202.05	2481.12	794.31	1163.04	222.12	2374.56	898.7	1197.01	197.47	1977.06	940.06	1145.86	205.05	2105.32	997.4	1143.35	228.77	1921.52	721.44	968.59	156.25	2036.17	785.3	915.57	173.17
137.05966	112.24	126.46	189.89	135.39	52.92	185.56	162.5	137.26	50.81	35.37	179.15	39.4	45.13	33.32	213.58	0	59.23	57.83	209.63	63.37	117.04	59.31	87.78	54.63	132.43	339.34	220.74	40.15	80.22	329.11	267.03	37.91	59.89	338.12	230.88	46.96	53.71	390.47	661.85	793.06	787.05	306.26	605.27	743.72	775.86	176.85	650.71	774.96	704.88	260.36	559.43	749.8	784	263.49	586.27	804.66	750.73	341.02	694.28	1737.8	1415.75	316.19	682.53	1794.11	1386.75	329.58	563.72	633.74	552.22	300.05	610.53	679.9	598.93
118.08645	118.25	34.9	195.22	75.98	102.5	53.44	192.89	89.15	96.25	53.82	209.84	105.12	102.3	45.91	238.29	99.96	94.61	75.75	198.71	110.58	111.2	57.72	228.75	123.94	106.3	59.52	181.63	89.47	109.81	59.56	195.99	100.81	92.58	55.77	196.53	98.46	112.83	111.84	70.11	140.73	0	83.03	62.59	115.04	21.12	229.38	64.58	147.82	34.62	228.86	68.73	157.22	0	231.52	66.53	148.76	36.59	182.87	65.76	128.94	25.98	198.74	67.59	123.62	38.13	223.61	55.37	126.09	0	0	57.29	127.85	13.47
118.08645	119	573.81	887.11	2249.2	1183.6	769.42	796.62	2230.86	1209.89	272.01	747.25	2354.4	1268	243.7	748	2252.71	1331.04	137.57	823.62	2340.5	1270.54	268.13	837.41	2310.36	1236.7	2279.07	809.58	2020.63	977.33	2242.38	340.31	2174.84	1072.23	2194.18	825.12	2138.43	934.07	353.81	767.47	3205.38	1642.63	185.23	744.1	3129.73	1614.6	190.3	976.86	2981.61	1655.96	206.98	908.16	2979.44	1578.96	182.17	929.89	3001.07	1662.77	349.81	416.06	4731.89	2307.12	333.01	328.77	4762.34	2146.97	336.76	317.78	2429.48	1083.91	311.64	631.28	2331.76	1172.9
204.0655	57.38	98.34	324.87	64.03	0	113.09	285.44	0	83.68	78.53	332.33	34.3	72.96	68.65	335.14	0	92.93	102.58	295.6	79.02	105.93	102.94	285.84	70	105.1	306.56	382.24	0	74.43	330.34	337.54	0	0	310.38	350.25	0	0	0	0	0	0	0	0	35.46	0	22.93	0	0	0	0	0	0	0	0	0	0	0	0	0	0	0	0	0	0	0	0	0	0	0	0	0	0	0
279.15881	35.41	0	0	412.41	0	0	550.35	428.25	296.18	0	496.31	465.8	397.83	0	524.46	414.07	381.57	0	540.3	475.86	356.66	0	625.96	484.72	333.53	0	555.93	495.85	352.04	263.13	527.11	463.28	323.16	0	589.25	495.52	346.92	0	0	0	0	0	0	0	0	0	0	0	0	0	0	0	0	0	0	0	0	0	0	0	0	0	0	0	0	30.6	0	0	0	0	0	0	0
516.29993	32.15	21.75	411.1	316.15	175.73	0	376.12	316.3	173	31.15	380.69	366.43	109.74	0	394.17	321.48	166.23	23.43	418.76	350.55	158.45	15.15	426.13	343.26	156.47	97.07	367.94	344.12	149.89	100.62	388.15	363.32	132.11	86.96	405.61	334.63	114.36	0	0	0	0	0	0	0	0	0	0	0	0	0	0	0	0	0	0	0	0	0	0	0	0	0	0	0	0	0	0	30.14	0	9.11	0	0	0
377.14538	60.5	30.23	47.71	41.86	0	45.94	0	60.72	0	0	97.64	53.35	38.37	0	69.22	0	32.96	0	68.89	60.93	61.67	30.72	63.36	0	78.44	98.62	91.52	0	0	97.48	63.7	39.24	0	121.87	73.78	40.52	37.55	80.15	126.37	185.72	170.14	90.02	139.53	212.28	163.51	63.32	162.08	206.77	217.67	68.52	154.85	201.61	192.38	69.71	146.12	192.51	178.85	99.43	163.91	338.02	310.81	78.92	173.96	341.27	258.84	89.3	125.51	171.94	135.38	66.67	119.69	124.33	169.9
258.1096	129.21	313.52	70.55	271.44	97.68	416.05	369.56	280.83	112.35	89.26	398.31	0	127.24	86.85	416.48	82.46	116.23	116.03	395.57	166.71	257.36	107.24	388.24	137.81	270.73	683.28	522.34	88.72	147.53	690.63	575.52	100.99	156.21	747.57	510.06	91.85	0	605.41	1114.78	1458.21	1397.34	595.15	1092.41	1455.9	1325	580.77	1184.25	1529.71	1590.03	546.46	1111.77	1523.43	1617.89	554.19	1138.62	1481.47	1542.8	672.33	1265.41	2965.32	2347.66	684	1278.12	2949.52	2355.49	561.03	1003.89	1288.04	1016.67	565.46	1058.49	1264.16	1084.47
446.17791	79.26	138.71	490.89	418.5	332.65	203.43	446.22	383.89	300.59	191.47	395.23	509.26	305.2	196.24	415.26	495.4	299.04	243.45	423.12	465.09	278.63	239.57	477.55	444.63	294.11	160.77	428.83	472.5	284.18	200.87	394.28	480.31	291.95	192.18	403.75	473.21	81.78	314.62	347.93	417.86	314.72	316.11	330.33	420.88	314.61	249.94	337.63	458.68	300.39	285.09	322.27	466.73	328.1	255.95	327.59	406.35	307.21	246.13	375.2	372.39	331.11	233.28	330.33	390.88	326.85	165.21	300.62	433.72	315.16	169.43	307.49	430.49	331.85
169.03547	123.12	178.79	507.85	862.91	494.27	208.22	497.43	790.64	495.92	215.7	460.53	1064.74	500.41	207.34	463.54	1099.95	529.81	215.56	567.29	990.69	549.57	213.48	476.37	1013.59	542.06	227.57	483.98	1024.81	512.59	239.22	528.8	1001.98	491.6	241	488.01	1052.97	473.88	339.41	560.55	581.57	676.28	289.03	549.34	606.26	671.34	282.76	563.75	632.31	643.34	281.76	526.48	649.03	648.47	298.58	521.9	635.4	619.39	275.54	558.32	558.95	624.32	303.63	561.31	553.77	638.07	250.56	493.7	646.77	672.25	249.88	464.74	625.33	710.8
257.24728	78.74	18.37	55.71	95.38	53.76	8.96	50.55	93.26	58.6	20.45	64.05	112.44	75.98	20.8	66.18	120.63	58.87	25.44	74.85	140.72	57.54	19.15	56.77	117.62	67.64	26.91	51.11	133.25	62.64	18.67	58.18	123.05	73.01	29.11	62.57	130.37	79.61	49.01	71.19	75.51	68.91	34.54	63.54	57.82	75	31.48	70.56	68.07	68.97	32.72	69.71	64.31	68.62	50.28	52.56	66.74	77.39	30.38	60.12	70.71	93.15	30.12	72.04	46.58	74.31	23.42	58.62	82.79	98.37	36.83	63.25	86.92	80.32
161.0196	80.16	182.46	314.15	152.9	103.13	210.51	333.34	167.25	119.48	128.34	396.9	104.1	140.5	128.55	350.19	88.71	118.92	106.18	344.59	134.45	158.42	107.68	328.48	131.87	193.93	541.13	485.23	76.24	149.39	519.25	144.89	105.29	185.61	525.76	465.53	88.2	175.72	0	0	0	0	0	0	0	0	18.51	0	0	45.04	0	0	0	0	0	0	0	0	0	0	0	0	0	0	0	0	0	0	0	0	0	0	0	0
255.06537	122.85	0	1643.68	1308.31	914.95	807.21	1680.63	1262.35	942.46	581.7	1563.71	1134.37	923.03	611.03	1614.71	1166.86	964.04	174.13	1652.56	1315.09	940.92	572.66	1606.37	1337.77	954.09	2013.61	1578.94	839.43	773.62	2024.91	1637.21	1207.51	997.45	1909.59	1521.34	519.59	906.41	0	192.89	0	126.85	0	195.45	0	0	0	0	0	37.11	82.39	0	198.67	0	0	185.65	0	0	0	274.58	0	0	0	0	353.28	0	0	0	0	0	0	0	0	0
400.34156	112.93	0	41.86	79.45	58.69	15.71	38.33	94.6	31.08	14.37	47.37	91.59	36.16	8.02	46.09	98.17	39.81	8.94	32.35	97.01	40.19	12.72	33.18	92.36	38.35	0	27.2	90.25	39.04	0	36.94	73.69	34.72	13.34	43.96	109.28	42.54	22.19	36.04	61.59	57.51	40.21	42.73	44.05	48.85	16.02	38.03	40.25	49.76	28.42	39.96	53.32	51.56	0	35.48	45.59	51.9	19.57	44.27	41.42	50.41	14.15	45.77	37.01	46.48	23.17	32.22	45.1	74.7	19.54	35.07	49.56	69.65
181.20718	95.58	0	109.92	88.45	74.66	18.91	110.49	116.65	72.34	17.75	115.28	110.63	65.36	23.64	130.06	108.29	78.92	0	107.14	105.88	59.71	0	122.9	121.2	80.75	62.21	89.74	91.47	50.45	92.5	68.63	89.07	60.83	76.32	86.82	98.48	63.83	0	0	0	0	6.59	0	0	0	0	9.83	0	7.98	0	0	0	0	0	0	0	0	1.93	0	0	0	0	0	11.78	0	8.75	0	0	0	0	0	0	5.06
302.30514	101.55	0	113.54	104.8	0	78.93	104.47	117.71	0	44.41	108.92	107.15	66.4	0	108.36	119.97	53.58	29.5	101.22	117.03	83.61	0	98.24	101.79	43.5	76.41	103.25	113.31	63.05	85.99	90.65	106.64	70.91	96.85	76.04	116.26	51.05	0	0	0	0	0	0	0	0	0	0	0	35.46	0	0	0	0	0	0	0	0	0	0	0	0	0	0	34.62	0	19.05	0	0	0	0	0	12.59	0
168.06545	122.54	35.14	189.69	178.55	98.84	48.08	178.67	208.22	92.18	39.6	156.48	167.53	120.57	40.66	171.07	175.87	107.02	25.22	172.92	176.35	104.56	41.91	197.16	185.16	110.44	151.22	150.85	133.89	90.89	159.97	116.35	136.94	81.54	133.05	106.46	149.35	81.87	0	0	0	0	0	0	0	0	0	0	0	0	0	0	0	0	0	0	0	0	0	0	0	0	0	0	0	0	0	0	0	0	0	0	0	0
484.30826	104.71	42.22	120.22	84.71	95.28	38.08	102.6	102.37	81.23	31.29	108.37	99.33	73.61	39.17	115.12	107.4	85.14	21.42	91.04	76.94	86.8	38	101.1	105.39	76.87	53.29	97.86	91.94	86.96	62.46	70.2	103.09	63.99	68.11	91.66	83.07	74.21	0	0	6.39	0	0	0	0	0	11.28	0	0	0	0	8.34	12.96	0	0	0	0	0	0	0	0	0	0	0	13.37	0	0	0	0	0	0	11.27	0	13.77
180.06599	26.78	115.87	344.59	337.91	267.81	139.06	385.81	343.88	304.95	130.51	330.09	346.66	236.78	141.49	276.9	283.78	268.7	92.6	264.65	282.78	190.98	113.97	259.86	263.48	185.24	204.78	214.02	251.96	217.67	219.69	206.32	227.43	187.86	239.15	202.87	258.46	227.25	0	0	0	15.24	0	0	19.01	0	0	0	17.95	0	0	8.9	0	0	0	0	0	0	0	10.11	0	0	0	0	0	0	0	0	12.07	0	0	0	0	0
114.06648	66.35	0	114.27	93.07	89.36	49.5	100.98	103.78	99.91	0	82.19	95.05	51.9	0	66.58	90.85	75.55	47.13	80.6	70.11	37.21	25.41	89.44	76.33	59.45	50.56	72.02	54.85	72.23	62.48	81.33	70.56	62.42	57.7	56.17	53.71	35.54	0	0	0	0	0	0	6.62	0	0	0	0	15.5	0	0	0	11.46	0	0	0	0	0	16.6	8.41	6.91	0	12.24	0	0	0	0	0	8.23	0	0	0	0
90.05544	114.26	131.95	498.93	440.53	403.03	198.94	439.45	438.43	392.77	190.89	437.3	485.81	371.02	185.11	490.45	470.56	402.38	183.41	479.52	487.15	439.87	165.12	503.41	512.9	414.11	419.92	412.53	441.63	397.54	415.18	422.09	480.69	407.19	399.62	407.74	431.14	325.39	71.08	75.69	52.11	69.1	0	90.72	63.51	60.83	0	0	137.84	166.64	55.57	0	133.05	191.58	67.86	84.34	142.58	192.66	0	59.7	78.9	0	0	61.99	0	77.66	0	117.26	50.4	0	0	112.73	0	0
90.05544	115	77.77	317.35	94.5	87.6	110.91	327.62	84.35	77.03	92.37	367.34	85.28	85.38	95.13	318.47	66.39	100.8	86.85	362.7	109.18	144.84	81.47	339.55	124.44	112.54	340.1	355.75	98.1	125.21	301.31	364.64	95.35	148.73	302.38	389.41	104.19	157.69	0	21.59	0	0	0	0	0	0	0	0	0	0	0	0	0	0	0	0	0	0	0	0	0	0	0	0	0	0	0	0	0	0	7.05	0	0	0
500.10379	110.04	0	0	0	0	0	0	0	0	0	0	0	0	0	0	0	0	0	0	0	0	0	0	0	0	0	0	0	0	0	0	0	0	0	0	0	0	94.71	206.5	249.78	204.04	73.93	177.82	227.62	211.99	88.87	184.33	257.34	213.44	64.49	131.05	225.83	247.2	82.74	142.25	202.7	185.44	63.04	181.18	438.7	318.54	62.04	188.8	452.69	275.5	48.7	162.21	171.72	108.3	66.53	171.86	181.68	93.3
165.09096	14.2	62.04	447.37	0	109.91	120.03	431.14	107.48	140.89	105.64	536.07	54.91	125.55	101.46	548.22	0	105.14	125.46	466.81	138.49	178.44	138.74	471.84	161.7	199.19	391.61	447.74	58.65	166.75	437.34	423.41	0	158.23	362.59	452.37	124.64	128.3	0	0	0	0	0	0	0	0	0	0	0	0	0	0	0	0	0	0	0	0	0	0	0	0	0	0	0	0	0	0	0	0	0	0	0	0
361.20045	40.55	491.38	2034.78	446.53	431.01	757.21	1827.94	419.26	452.81	591.77	2357.04	445.43	443.37	557.61	2412.99	366.82	486.45	526.54	2102	705.37	610.44	490.8	2122.78	632.55	604.03	1759.08	2778.38	516.54	729.33	1673.66	2624.6	460.71	765.91	1599.82	2513.55	576.83	759.76	0	0	0	0	0	0	0	0	0	0	0	0	0	0	0	0	0	0	0	0	0	0	0	0	0	0	0	0	0	0	0	0	0	0	0	0
500.30344	47.94	250.76	651.87	431.6	616.74	398.03	583.2	452.86	589.91	378.89	646.72	575	521.97	386.25	616.04	494.36	485	306.43	602.8	559.9	580.66	302.15	544.02	542.39	628.49	1024.73	688.92	461.33	599.12	1001.19	683.01	445.58	564.79	1039.11	697.65	469.06	607.99	0	0	0	0	0	0	0	0	0	0	0	0	0	0	0	0	0	0	0	0	0	0	0	0	0	0	25.71	0	4.49	0	0	0	0	0	0	0
500.30344	48.2	60.85	458.92	65.3	66.69	107.04	444.25	93.71	72.73	110.66	445.32	67.7	86.19	126.94	433.38	62.07	77.11	124.42	374.66	133.6	72.59	114.13	349.21	118.53	0	295.45	377.86	76.46	102.96	297.8	376.41	60.57	101.85	299.69	414.05	82.04	92.75	0	0	0	0	0	0	0	0	0	0	0	0	0	0	0	0	0	0	0	0	0	0	0	0	0	0	0	0	0	0	0	0	0	0	0	0
175.11883	124.2	299.24	556.64	326.23	443.02	401.6	548.49	332.21	432.99	335.38	559.66	385.2	393.69	330.58	635.93	386.92	410.52	290.03	535.81	450.27	420.87	292.72	534.45	446.43	421.37	755.47	675.77	356.73	494.76	683.72	671.49	364.09	506.35	734.89	667.63	352.68	514	59.5	88.37	58.9	73.02	60.38	95.17	35.39	53.39	0	79.01	104.14	205.32	57.22	55.82	122.87	200.09	0	86.03	149.08	194.82	0	52.61	95.23	127.61	0	0	72.48	118.97	0	91.6	33.64	0	46.66	104.95	22.67	0
500.30408	161.08	1451.89	4017.94	1952.25	2877.45	2102.61	3782.27	1974.34	2864.03	2243.87	4089.11	2450.82	2663.1	2073.1	4122.95	2380.27	2716.39	2061.29	3687.17	2879.91	2798.51	1933.73	3757.18	2763.24	2766.12	4951.27	4704.14	2284.69	3325.54	4653.59	4817.96	2297.69	3210.46	4912.1	4509.68	2302.65	3314.03	29.64	0	0	0	18.64	28.12	26.87	0	0	0	0	0	15.24	0	0	0	0	50.25	62.25	0	15.28	0	0	0	0	0	0	0	0	0	0	13.1	15.51	0	0	0
500.30408	162	87.44	144.52	108.95	108.98	116.82	137.34	115.43	89.47	73.66	145.85	136.36	74.08	84.66	160.46	112.28	106.11	77.1	169.42	153.94	96.39	78.47	121.84	133.88	109.62	195.62	178.35	92.13	109.28	197.19	190.65	91.94	111.16	171.95	167.34	97.88	112.36	0	0	0	50.85	0	0	0	0	0	0	0	0	0	0	0	0	38.75	0	0	0	0	0	0	0	20.76	0	64.48	90.69	0	0	32.9	0	0	0	0	0
193.03409	126.72	49.56	113.38	82.82	80.13	61.05	86.14	51.02	89.09	54.61	107.37	87.19	68.32	61.8	83.3	78.78	63.08	61.89	97.25	80	70.1	55.66	115.48	80.27	86.67	126.9	124.81	55.58	88.14	123.7	116.78	48.57	70.07	132.87	131.38	66.31	96.66	0	0	0	0	19.44	0	0	0	0	0	20.11	34.38	0	0	25.26	34.64	0	0	0	0	0	0	9.95	0	0	0	0	0	0	4.44	0	0	0	0	0	11.64
193.03409	128	72.85	186.27	77.27	173.76	92.71	167.57	0	147.72	114.03	189.27	83.57	139.94	124.96	203.18	121.74	126.5	109.54	221.59	105.27	159.17	88.36	226.1	103.52	172.23	129.02	188.93	119.75	155.2	140.25	208.81	128.15	140.05	132.92	220.73	107.58	97.95	467.93	123.29	150.69	58.04	531.35	121.87	191.72	0	738.16	257.2	195.43	53.04	670.01	195.4	214.3	54.11	662.86	240.16	224.25	55.11	665.37	176.16	226.01	52.44	639.06	162.43	233.44	72.24	536.7	151.97	180.14	38.31	543.37	145.56	191.6	35.36
138.05494	122.19	0	0	0	0	0	0	0	0	0	0	0	0	0	0	0	0	0	0	0	0	0	0	0	0	0	0	0	0	0	0	0	0	0	0	0	0	0	124.17	90.03	57.13	0	129.71	105.06	66.73	22.14	106.93	106.16	59.98	25.08	70.91	104.22	0	0	68.4	81.52	0	0	105.81	152.23	101.83	0	97.08	170.75	114.9	0	98.25	71.63	0	0	86.36	67.4	0
195.0875	1.39	10.79	0	90.99	53.52	16.59	52.33	98.39	44.38	25.78	33.04	130.89	41.09	28.9	26.41	109.53	47.61	0	34.08	136.81	47.93	18.07	36.95	117.86	66.74	23.92	43.97	114.19	39.81	14.16	39.95	89.88	43.85	10.86	54.98	110.28	38.59	33.1	29.48	43.76	71.43	48.78	0	47.99	82.91	17.7	30.13	41.19	80.21	25.84	46.13	37.41	78.78	20	31.89	34.9	66.19	16.14	36.58	44.93	93.48	18.79	45.66	45.16	95.99	21.87	37.92	42.65	53.05	18.73	35.71	46.01	58.99
153.03966	124.19	136.4	1209.52	154.02	146.6	207.52	1093.19	198.47	265.2	249.8	1127.09	291.5	198.69	249.74	1130	245.45	227.01	203.35	1052.06	414.05	285.4	192.47	932.95	406.85	288.97	631.89	1091.85	239.84	306.62	636.98	1078.01	215.38	292.86	618.56	1098.34	250.75	298.73	0	0	2.38	0	0	0	0	0	0	8.03	0	15.2	0	0	0	0	0	0	0	8.64	0	0	0	0	0	0	0	0	8.14	0	0	0	0	0	6.27	0
258.10967	134	116.12	421.5	137.51	110.63	177.63	364.99	114.46	107.99	146.61	397.94	132.34	101.92	126.42	427.97	114.19	96.66	95.38	355.37	181.25	121.06	76.9	380.83	166.09	128.79	310.12	360.72	127.41	164.34	324.19	426.34	112.82	131.64	286.87	386.06	114.12	138.2	0	0	0	0	0	13.25	0	0	0	14.42	0	0	0	0	0	0	17.85	0	0	0	0	0	0	0	0	0	0	0	0	23.03	0	8.44	0	0	0	0
258.10979	132.6	0	0	0	0	0	0	0	0	0	0	0	0	0	14.05	0	0	0	0	0	0	0	0	0	0	0	0	0	0	0	0	0	0	0	0	0	0	0	95.89	41.96	0	0	84.62	37.19	0	0	62.82	46.21	20.56	0	63.54	47.8	25.53	0	60.26	34.92	0	0	50.98	36.82	0	0	63.24	33.03	0	0	53.67	26.84	0	0	55.87	0	0
138.05501	18.01	100.83	146.39	190.22	119.08	148.44	133.26	172.69	158.9	160.13	133.72	312.3	124.59	140.38	121.75	301.98	141.92	99.87	121.84	288.97	121.34	133.52	0	278.43	137.31	133.9	133.66	246.58	110.68	143.33	125.03	260.97	112.94	147.04	139.59	269.93	128.29	160.17	166.37	85.22	282.29	162.45	147.6	102.13	304.72	156.64	134.23	97.28	243.76	176.94	108.26	87.11	251.49	176.17	136.15	0	245.33	161.45	145.26	109.81	252.53	148.11	144.99	111.39	250.33	185.44	119.49	109.79	195.38	175.98	128.72	131.76	168.3
169.05012	4.6	685.04	1224.07	1329.91	1149.58	896.03	1176.05	1389.13	1136.63	1124.27	1047.89	2200.51	1050.84	1142.78	1003.32	2209.05	973.28	807.11	1100.71	2145.96	1044.78	776.76	1033.03	2056.61	1002.98	900.87	927.06	1925.98	838.1	858.21	934.78	1813.63	879.51	880.49	920.34	1891.07	860.04	1142.83	1100.94	758.38	2043.31	1144.67	1021.2	720.95	1905.09	1246.76	971.25	812.42	1822.06	1264.88	911.35	736.06	1939.17	1289.91	973.43	776.2	1679.69	1109.64	963.74	594.97	1588.83	1123.39	909.53	588.2	1600.95	1186.14	906.3	796.21	1467.3	1134.26	795.78	735.37	1366.96
181.0718	419.9	32.2	150.87	0	43.3	35.21	154.6	44.84	23.53	50.05	144.49	41.01	15.22	48.55	124.74	44.28	33.57	33.37	98.87	56.87	23.21	37.46	98.59	41.02	24.64	104.59	100.86	24.36	36.25	85.49	111.54	28.09	0	76.57	116.62	31.51	24.52	0	0	0	0	0	0	0	0	0	0	0	0	0	0	8.95	0	11.18	0	22	22.32	0	0	0	0	0	0	0	0	11.68	0	0	0	0	0	0	0
239.15012	169.06	25.72	183.92	19.68	23	38.12	142.67	0	34.46	37.82	189.48	37.75	23.37	35.42	184.12	0	0	42.25	147.53	71.06	17.53	21.57	154.91	49.91	37.95	95.91	186.97	20.94	22.83	66.9	178.75	0	41.54	95.04	166.43	0	42.29	0	0	0	0	0	0	8.57	0	0	0	0	0	3.12	0	0	0	0	0	0	0	0	0	0	0	0	0	0	0	0	0	0	0	0	0	0	0
156.07674	126.3	122.01	1082.26	111.73	172.55	191.29	1025.57	105.26	199.35	192.64	1119.1	216.61	136.97	223.65	1038.6	173.48	164.61	204.64	1018.08	308.59	223.5	228.97	871.51	309.81	231.23	538.62	1148.71	180.8	267.65	497.55	1068.18	176.07	238.89	612.22	987.55	198.96	280.2	9.11	0	11.89	0	0	0	0	0	0	0	32.96	0	0	0	0	0	0	12.22	0	0	0	0	0	0	9.44	0	11.68	0	11.34	0	0	0	0	0	0	10.14
170.08106	29.99	182.02	501.46	254.22	116.56	237.15	498.87	0	157.28	187.86	551.97	211.05	125.07	188.01	499.92	216.23	144.01	125.05	442.82	241.61	184.2	113.35	462.82	260.8	211.4	412.14	496.06	210.24	134.78	406.38	483.44	230.36	144.18	428.14	480.1	183.38	144.54	0	0	69.37	0	67.22	0	0	0	0	0	0	0	32.32	60.25	0	0	0	0	0	72.51	0	0	0	76.58	0	0	0	0	0	0	22.34	0	0	64.62	0	0
297.97307	124.98	381.74	761.37	958.41	743.02	538.19	738.98	944.38	744.35	650.59	645.67	1471.35	690.58	691.1	636.74	1386.18	684.09	522.26	658.6	1277.4	705.68	493.86	646.1	1228.29	731.59	620	689.21	1101.69	579.52	569.95	635.77	1030.76	599.21	559.12	661.17	1038.28	603.34	665.78	680.41	472.14	1275.44	721.65	662.08	456.41	1210.26	776.4	616.5	481.24	1030.73	795.18	596.83	443.27	999.6	784.48	595.18	456.31	979.3	725.19	631.4	423.18	1001.06	684.42	614.98	388.39	991.94	861.92	524.86	543	852.32	885.27	520.85	524.28	844.42
181.04836	126.53	133.68	267.88	362.65	260.5	226.08	303.52	358.32	274.93	242.12	267.12	578.49	250.85	260.06	233.96	549.73	252.8	234.96	241.33	559.38	241.9	208.32	235.77	591.77	214.34	240.42	277.33	549.06	207.96	204.71	290.5	498.3	186.5	231.44	248.83	530.86	221.89	286.53	238.79	117.8	504.5	252.26	217.91	148.05	533.45	301.05	247.29	121.69	445.96	295.58	235.93	129.59	420.77	300.17	243.25	127.18	414.11	307.79	249.91	194.07	576.91	315.01	208.21	146.66	456.03	366.87	221.66	198.73	438.98	342.26	220.43	220.89	427.46
165.09094	143.32	1056.08	1952.96	2519.79	1863.18	1528.36	1784.53	2610.1	1746.35	1834.91	1596.85	4011.67	1715.8	1731.78	1601.15	3773.77	1783.68	1539.61	1778.45	4015.96	1538.5	1471.58	1765.5	4049.55	1479.05	1636.31	1830.5	3588.43	1460.03	1428.77	1966.29	3444.96	1382.09	1650.83	1764.53	3531.3	1473.32	1828.72	1630.68	983.19	3817.42	1724.36	1655.85	886.01	3757.95	1893.12	1717.22	1001.72	3296.04	1888.81	1574.24	921.44	3102.18	1969.47	1693.8	920.17	2790.06	2078.9	1682.54	1170.33	3640.94	2157.25	1540.02	1076.47	3479.05	2342.53	1466.16	1249.29	3058.75	2349.26	1487.13	1376.33	2968.95
169.0971	103.12	187.25	317.48	323.92	268.26	229.75	335.01	372.1	253.22	335.56	266.48	620.18	240.24	304.03	223.98	620.8	272.84	202.94	272.61	604.34	249.93	218.96	309.79	600.69	262.34	308.44	307.04	523.22	191.56	269.23	301.88	487.08	187.42	280.04	265.42	458.95	186.58	321.37	262.39	169.15	603.96	310.92	290.75	152.46	549.31	349.42	226.95	135.87	578.03	364.41	224.69	194.9	565.89	340.88	299.1	180.46	543.43	323.14	257.86	0	533.89	326.5	232.94	0	528.29	411.38	236.14	198.6	438.15	363.66	223.04	215.25	413.98
163.08649	76.63	151.87	351.18	245.66	89.91	236.8	361.73	239.46	96.64	132.18	334.46	207.43	106.59	136.42	286.02	185.43	0	104.86	268.89	237.57	0	0	257.4	265.99	167.62	717.67	365.52	186.95	144.03	714.68	142.32	205.09	131.7	652.24	292.84	258.16	111.55	0	0	0	0	0	54.28	0	0	0	0	0	0	0	0	0	0	32.15	0	0	0	0	0	0	0	0	100.92	0	0	0	0	0	0	0	0	0	0
444.1638	39.68	709.5	1404.46	2349.25	1547.53	978.33	1422.48	2236.85	1629.92	1356.3	1257.72	3985.17	1825.11	1313.55	1256.04	3967.45	1652.77	1082.73	1429.4	3973.18	1602.14	1056.67	1409.37	3991.23	1564.54	1064.97	1221.96	2829.02	1310.5	1160.22	1290.79	2944.2	1147.26	1104.34	1260.62	3156.84	1230.71	1311.72	1253.61	769	3396.13	1255.66	1235.63	626.25	3512.37	1349.23	1294.4	825.36	3128.13	1441.27	1242.3	747.11	3153.41	1444.11	1265.32	704.9	3093.66	1274.32	1216.56	771.41	2971.11	1462.65	1138.69	738.67	2981.53	1693.12	1055.27	933.32	2420.12	1576.3	1052.16	952.09	2548.16
181.07191	254.02	100.41	206.18	375.33	259.9	136.52	208.52	345.63	255.81	192.75	175.89	614.31	310.76	197.02	180.11	667.5	277.75	187.59	218.93	578.75	262.48	176.95	217.48	601.63	252.71	171.66	228.04	451.4	246.26	197.52	209.47	443.99	190.36	185.67	209.14	431.33	189.86	211.17	215.86	96.5	547.71	205.02	222.57	99.83	547.26	217.72	209.2	134.93	512.65	252.49	206.38	122.88	491.33	228.91	217.51	107.83	470.73	195.85	250.75	151.28	459.62	221.32	191.32	113.47	488.14	248.89	143.43	169.29	324.41	259.61	153.74	155.76	391.44
353.13496	72.06	437.45	935.42	568.39	729.94	544.73	824.08	594.03	815.94	519.22	768.15	625.03	803.03	481.55	810.27	592.49	732.46	491.02	839.61	669.86	723.01	427.74	801.47	690.58	739.94	559.69	832.89	679.82	690.64	593.88	881.48	623.9	696.33	594.84	871.86	721.34	696.14	324.38	487.95	547.9	489.29	335.44	515.62	642.59	467.51	395.71	576.28	640.13	438.97	374.25	511.78	688.27	522.39	358.57	525.39	666.19	494.96	332.06	496.92	673.94	493.99	324.31	512.47	694.48	476.51	378.72	525.03	575.63	456.66	371.91	489.05	540.63	435.57
265.11181	92.32	81.5	178.35	216.39	168.99	127.92	176.67	175.79	167.62	161.36	183	382.59	137	158.67	153.71	337	130.25	137.04	187.17	281.57	122.2	126.77	145.17	276.44	145.96	155.03	163.5	253.05	121.98	130.38	146.63	264.36	108.12	118.23	146.02	228.32	105.82	184.86	184.73	104.47	290.93	170.52	188.46	97.81	308.51	182.77	149.74	119.51	271.59	172.07	126.92	101.52	285.22	176.27	146.76	97.61	249.07	172.45	149.1	81.51	262.91	155.94	160.83	78.38	233.58	196.05	143.17	123.35	239.79	194.61	137.65	121.28	240.33
150.05833	111.37	643.44	1173.37	1622.81	1239.52	897.6	1111.95	1634.62	1201.82	1075.16	970.16	2496.34	1205.72	1059.87	939.64	2489.15	1194.96	871.65	1075.59	2379.21	1241.55	828.91	978.38	2298.34	1153.43	1117.18	1298.03	2021.48	1047.66	1145.52	1287.36	1961.35	979.85	1199.9	1336.56	2060.73	1030.52	989.91	1052.24	640.39	2357.12	1079.9	1085.23	579.85	2241.79	1457.38	1208.24	606.78	1926.53	1361.66	1240.67	648.77	2013	1402.36	1139.27	579.01	1981.76	1394.22	1176.22	752.59	2301.54	1367.89	1183.03	772.51	2193.55	1754.44	959.74	907.1	1826.81	1641.73	957.4	953.79	1888.24
140.99449	17.34	1038.12	1594.93	4341.5	1160.77	1582.85	1592.61	4349.14	1179.8	1303.6	1399	5120.41	1018.51	1232.66	1346.32	4854.47	1025.97	863.07	1578.97	5525.93	1223.09	947.6	1527.55	5208.75	0	5488.7	1678.83	4481.77	1094.42	5320.47	0	4254.16	1152.32	5448.14	1645.82	4242.03	1104.26	0	0	0	0	0	0	0	0	0	0	0	0	0	0	0	0	0	0	0	0	0	0	0	0	0	0	0	0	0	0	0	0	0	0	0	0
195.08766	374.82	182.73	277.46	704.36	198.1	287.03	283.61	737.28	194.86	208.3	226.23	791.84	176.05	227.51	233.12	793.88	147.97	144.19	275.11	877.91	197	166.51	274.94	951.32	210.64	975.99	312.02	716.92	203.84	913.53	237.99	738.07	189.27	863.8	282.14	718.68	176.47	0	0	0	0	0	0	0	0	0	0	0	0	8.33	0	0	0	0	0	0	0	0	0	0	0	0	0	0	0	0	0	0	0	0	0	0	0
300.28962	83.83	364.86	1015.31	1022.65	825.18	589.18	944.83	1115.09	784.13	856.51	773.97	2193.22	993.02	854.69	830.02	1939.08	844.39	590.15	843.65	2205.11	881.12	638.88	867.82	2148.21	784.5	645.2	679.86	1627.86	642.47	742.85	717.34	1698.66	533.37	622.85	760.69	1579.07	645.85	824.47	770.16	388.34	1907.93	804.99	731	361.41	1903.96	946.95	672.46	444.25	1826.89	872.83	755.74	421.7	1779.68	908.67	796.14	436.79	1799.79	893.19	565.77	357.31	1478.46	853.52	578.67	316.05	1571.92	841.9	515.43	531.8	1184.39	906.14	560.31	487.61	1289.32
122.02708	124.25	73.64	157.85	184.01	110.29	90.39	171.15	196.92	138.94	160.07	143.73	333.39	170.02	126.36	133.66	331.31	141.89	115.2	174.25	350.68	165.69	126.22	154.61	361.57	156.15	109.63	126.21	272.28	107.51	137.34	136.95	279.99	72.83	107.65	156.23	262.1	99.94	134.88	139.74	63.61	316.23	162.04	126.76	72.01	345.64	163.39	143.27	66.65	294.15	204	138.91	97.09	274.75	159.9	125.85	79.25	293.7	153.65	120.78	67.63	244.17	118.95	120.59	77.99	294.6	190.52	103.3	85.29	211.03	151.3	122.05	99.97	207.46
130.04993	122.35	1255.64	2428.17	3852.93	2559.25	1772.76	2347.45	3761.54	2671.16	2304.36	1965.29	6445.18	2829.17	2407.31	2195.19	6178.53	3016.4	1839.54	2248.73	6716.22	2568.86	1924.72	2317.05	6558.46	2587.08	2274.48	2632.79	5532.02	2344.12	2151.36	2672.35	5822.61	2271.3	2225.56	2692.56	5907.41	2260.67	2269.06	2062.89	1009.16	5765.97	2404.68	1951.89	972.22	5789.36	2760.12	2240.9	1048.75	5173.54	2847.36	2268.3	868.63	4882.08	2746.19	2411.11	1014.88	5023.38	2976.93	2078.96	1385.67	5864.29	2980.71	2047.19	1376.67	6061.49	3409.45	1743.92	1742.47	4545.23	3400.37	1719.82	1839.4	4560.56
130.04993	123	137.6	627.87	366.81	128.79	212.88	545.67	359.23	142.52	190.12	638.03	365.86	180.92	160.52	607.89	375.73	186.19	183.7	614.09	666.17	390.71	153.34	633.66	642.17	382.04	962.8	1216.02	418.2	362.14	921.91	1226.22	380.09	344.79	929.29	1197.36	383.94	336.78	0	0	0	0	0	0	0	0	6.9	0	7.54	0	0	23.13	0	0	0	0	0	0	0	0	0	0	0	0	9.98	19.42	0	0	0	0	16.59	0	0	0
153.05497	31.21	269.88	457.45	761.77	470.9	431.97	453.78	697.5	485.15	457.91	360.65	1098.49	552.08	428.69	356.89	1037.07	551.11	384.04	489.42	1169.55	490.97	361.15	445.4	1214.79	482.02	542.5	477.37	1058.24	458.48	551.13	495.46	1055.54	425.39	496.23	460.78	1016	416.92	405.52	350.84	164.91	1048.84	399.49	392.5	168.65	1038.12	552.06	465.66	195.82	959.25	522	421.42	241.88	932.15	464.96	439.46	178.31	1001.16	559.67	392.09	333.44	1221.58	534.57	351.85	311.29	1181.21	618.54	323.64	335.06	853.91	585.79	354.68	350.93	771.46
389.37781	89.92	50.65	101.07	155.1	121.75	105.33	98.4	158.67	112.71	112.62	96.44	276.3	126.36	92.99	96.63	231.75	118.67	86.13	103.52	278.18	152.02	83.72	86.72	274.9	120.81	118.38	97	238.57	98.85	121.9	116.83	215.07	112.74	114.92	136.12	238.47	85.46	109.65	88.63	60.93	217.42	89.16	110.6	42.85	244.26	129.39	108.02	42.77	220.24	129.53	103.34	45.4	214.73	126.11	101.5	42.67	210.42	115.75	98.77	53.9	252.73	149.3	64.44	62.34	243.57	135.96	79.62	70.12	173.61	145.61	99.27	57.64	211.95
123.05525	167.77	41.16	113.01	66.19	27.89	34.99	108.14	63.45	0	39.17	116.62	76.15	0	32.51	113.96	69.98	29.97	41.29	109.67	130.45	66.82	31.62	118.83	123.57	83.59	163.87	223.95	68.82	51.89	162.34	199.86	68.03	67.06	150.14	218.12	84	56.01	0	0	0	0	0	0	0	0	0	0	0	0	0	0	0	0	0	0	0	0	0	0	0	0	0	0	0	0	0	0	0	0	0	0	6.56	0
123.05525	168.2	118.31	164.93	261.95	148.57	148.28	159.29	268.07	147.96	194.29	142.19	420.04	176.47	189.47	155.19	407.49	152.24	132.21	136.86	488.51	163.79	177.8	158.47	425.7	142.97	168.69	205.16	369.59	111.73	141.04	181.54	364.52	142.53	154.43	192.87	412.55	125.9	142.44	129.14	59.55	343.13	152.93	119.07	59.99	334.69	176.12	152.4	57.44	320.53	199.8	141.05	59.09	331.98	198.67	150.03	50.64	343.83	187.23	131.37	96.89	312.38	168.67	118.58	75.18	336.35	193.15	99.72	105.22	227.06	143.13	120.42	112.46	262.32
170.08113	156.24	0	0	77.21	54.15	0	0	78.78	61.04	0	0	97.18	61.95	0	0	81.57	57.03	0	0	113.96	67.35	0	17.88	108.09	72.42	0	0	83.32	58.49	17.64	22.42	87.52	59.72	0	0	88.33	65.13	0	0	0	38.12	0	0	22.51	37.64	0	13.59	16.32	33.63	0	0	0	47.09	0	0	28.82	44.83	0	0	34.7	42.74	0	0	0	56.73	0	15.23	21	21.46	0	0	10.18	29.2
180.0655	135.02	0	41.78	358.67	174.43	0	46.71	378.28	182.96	0	37.29	552.55	202.69	11.54	55.76	509.41	183.32	0	49.04	626.69	152.72	0	42.3	592.33	182.1	0	55.66	495.17	170.35	0	48.02	482.69	154.32	0	39.49	497.98	157.27	0	43.67	98.34	135.86	0	41.5	110.74	122.32	0	25.25	138.44	135.71	12.06	54	111.19	155.03	17.2	40.89	109.97	113.8	0	17.01	212.3	83.24	4.33	41.75	218.65	227.8	5.16	42.42	186.33	85.18	0	39.34	174.73	59.92
175.02392	98.67	201.34	505.2	616.58	424.12	345.19	553.26	694.84	467.97	495.47	403.37	1275.96	484.81	528.35	421.05	1169.97	476.34	402.31	453.16	1245.16	443.78	389.53	479.57	1264.32	456.04	450.93	550.04	1125.5	399.5	415.82	497.34	1070.56	423.9	402.65	539.45	1168.08	368.29	497.89	397.57	219.3	1191.97	514.76	428.16	191.26	1211.71	560.25	468.51	224.7	1116.15	560.03	488.99	210.3	1154.49	520.59	494.69	215.82	1053.06	659.06	419.34	254.48	1134.71	618.02	410.96	236.02	1079.71	702.36	408.03	381.97	906.8	685.82	378.09	388.47	918.49
169.04828	128.94	37.56	103.96	104.53	97.64	58.49	94.29	116.01	82.17	103.64	73.57	266.45	97.43	115.46	85.26	247.56	105.37	86.54	66.16	225.35	94.56	73.89	88.42	224.25	95.4	91.39	107.47	240.99	73.49	84.55	101.21	198.29	80.39	86.97	87.63	201.1	63.4	105.91	77.41	33.37	223.86	114.16	102.6	32.14	215.27	96.79	90.86	53.95	218.86	109.27	107.76	53.96	216.67	121.42	81.38	40.06	226.37	103.3	97.37	56.7	204.63	148.6	97.32	49.9	180.45	138.28	77.03	68.29	180.16	113.76	78.18	72.86	189.82
159.05159	113.14	0	38.21	61.35	0	0	23.69	115.61	22.09	29.87	23.46	139.01	0	34.2	25.85	147.44	0	0	30.45	188.84	0	30.54	44.85	152.98	0	96.36	42.23	123.31	0	116.21	51.56	93.42	0	109.73	30.58	100.22	0	0	0	0	0	0	0	0	0	0	0	0	0	0	0	0	0	0	0	0	0	0	0	0	0	0	0	0	0	0	0	0	0	0	0	0	0
245.07701	108.17	438.76	828.25	1316.66	917.66	650.41	855.25	1302.05	894.92	902.49	732.41	2242.83	1051.88	865.43	768.35	2122.48	1055.77	781.78	920.44	2327.93	947.69	800.49	896.32	2283.85	971.21	864.02	1022.4	1891.51	842.98	853.17	940.52	1895.51	836.46	905.85	981.41	1962.67	825.55	875.84	780.59	359.45	2078.74	856.36	843.82	385.35	1937.28	1194.39	963.54	384.72	1889.77	1118.8	955.61	362.1	1827.83	1151.94	1001.65	372.03	1856.96	1110.92	831.95	572.72	2170.22	1148.7	845.5	568.49	2112.88	1263.96	666.19	696.82	1599.89	1278.26	678.89	694.55	1658.66
190.08619	103.46	110.04	180.21	302.62	224.79	159.62	195.19	307.53	231.14	243.29	197.86	520.66	241.52	228.27	186.04	494.83	240.07	212.88	219.9	509.69	238.77	177.69	220.12	532.2	252.17	183.23	213.8	402.07	211.32	183.35	223.35	424.04	195.22	172.09	222.97	424.19	204	190.65	191.78	91.38	447.52	204.89	177.84	94.84	434.65	224.8	235.11	106.19	436.64	260.39	225.4	87.1	416.06	230.96	243.28	92.7	434.68	259.38	168.43	137.95	466.62	247.58	172.77	158.64	481.93	263.86	168.51	184.34	422.54	305.85	149.94	166.61	370.41
221.092	115.06	0	160.34	379.2	234.06	0	168.55	470.88	246.36	0	135.34	743.45	355.1	0	132.09	681.02	355.02	0	160.41	805.45	269.34	0	165.76	811.53	313.54	0	153.66	815.24	213.25	0	168.02	735.77	208.67	0	161.05	769.82	221.3	6.74	8.26	0	0	0	0	0	0	0	0	5.37	4.34	0	0	0	0	0	0	0	0	0	0	0	0	0	6.61	0	0	0	0	0	9.48	0	0	9.4	0
220.1183	47.99	202.02	301.27	486.72	373.41	280.05	336.34	508.66	357.29	296.08	262.21	632.62	402.44	297.94	289.85	640.17	367.09	301.13	300.53	648.57	369.73	282.82	318.12	605.29	348.14	332.32	334.07	559.05	324.83	304.99	337.2	511.6	285.72	346.01	334.47	561.93	299.93	313.95	280.07	154.66	659.36	299.34	272.04	139.93	600.01	409.51	352.71	150.47	603.92	359.63	349.58	169.77	584.29	386.9	375.71	144.8	578.42	436.64	259.1	267.04	663.44	339.88	307.65	231.12	687.9	394.98	253.61	233.59	525.38	413.38	242.79	245.32	551.92
190.0862	104.62	365.8	442.26	716.13	448.52	428.59	489.73	672.16	487.29	521.29	406.23	1012.73	695.51	513.6	432.06	991.82	715.79	472.7	556	1276.68	615.43	514.05	583.21	1273.75	672.03	578.57	610.88	1118.8	615.61	563.15	655.33	1134.51	624.52	550.64	610.34	1091.76	607.58	673.83	627.73	342.2	1727.99	750.62	666.69	331.05	1384.79	762.54	613.85	253.07	1192.38	690.61	638.48	266.59	1115.44	727.42	628.28	255.87	1108.72	804.48	560.5	508.7	1350	730.75	576.26	520.96	1415.81	806.22	492.47	471.31	999.61	776.96	489.25	442.17	1033.65
380.25545	60.46	1465.3	2398.62	3747.98	2828.02	1931.83	2422.24	4099.18	3023.04	2604.7	2368.47	5546.03	3441.47	2732.02	2477.42	5221.05	3453.78	2541.85	2718.5	6051.78	3126.46	2496.94	2786.87	5995.05	3313.27	3157.7	3266.96	5435.96	2979.88	2939.88	3355.5	5274.98	2950.48	3028.55	3116.17	5342.84	3019.88	2929.85	2552.83	1329.34	5780.4	2851.66	2563.77	1466.95	5614.51	3634.82	3264.71	1399.59	5836.62	3468.6	3402.5	1454.77	5671.02	3599.15	3248.06	1453.57	5738.98	3679.35	2802.34	2652.09	6678.71	3751.21	2895.17	2568.69	6500.8	4094.2	2643.54	2480.79	5420.17	4000.12	2511.14	2364.87	5373.77
393.29911	60.24	5091.01	6294.61	10854.13	7499.65	6228.52	6796.05	11625.22	8386.07	7930.11	6758.02	17446.09	9055.59	7284.73	6963.19	15917.97	10157.52	6435.14	7621.85	20131.33	9190	6685.85	7078.49	20226.23	9541.55	8115.91	9608.19	15778.2	8462.77	8046.57	9342.2	15902	7964.37	8136.3	8861.81	15730.67	8296.08	8732.55	7474.87	6765.48	18665.98	8580.95	7301.19	6151.11	19058.38	10138.91	8609.42	6630.2	18612.52	10569.37	8954.48	6229.13	17399.23	9728.98	9310.43	6021.84	17707.95	9808.69	6891.98	7134.54	22452.2	10219.26	7409.56	6974.47	21816.86	11853.54	6928.15	5892.87	16473.34	11118.39	6222.17	6948.54	15505.95
248.03152	103.72	154.31	241.4	385.28	271.92	211.1	232.5	408.3	265.22	276.01	238.69	524.21	300.06	236.07	238.54	503.83	349.5	231.83	259.31	598.75	286.6	238.83	313.66	543.44	289.68	294.32	309.57	520.37	277.75	283.06	286.85	482.16	257.48	261.36	296.57	477.03	282.22	268.96	228.57	122.7	561	256.38	257.15	109.66	585.3	351.04	276.71	135.61	506.15	340.18	289.73	108.36	548.97	286.66	295.22	130.82	573.06	372.96	244.38	246.16	625.72	352.54	266.25	220.44	641.83	394.94	242.04	195.72	526.72	369.93	211.12	199.47	487
206.08117	107.65	139.08	159.87	251.3	166.29	168.64	169.69	253.22	173.18	174.48	167.87	336	218.47	193.37	171.08	309.09	264.91	203.45	220.4	402.65	268.58	198.74	202.02	414.16	237.79	225.58	224.14	344.92	211.71	234.04	242.25	392.15	253.19	231.1	231.04	357.71	233.36	232.56	223.18	127.43	512.41	291.08	231.72	142.78	474.21	272.39	240	111.99	373.95	271.07	256.2	128.53	381.99	240.67	227.77	101.76	355.48	282.94	224.75	179.81	440.03	292.58	234.21	208.1	421.87	286.72	193.16	173.47	370.54	293.48	192.12	186.93	352.31
206.08117	108.1	134.95	186.81	282.75	221.33	172.97	181.83	246.1	245.06	192.5	188.65	286.99	246.6	205.63	201.31	315.84	235.82	211.05	211.87	305.97	228.65	212.97	208.38	284.11	200.97	214.08	221.02	286.35	198.09	193.19	206.09	283.14	239.54	229.34	216.11	282.54	225.99	227.23	216.09	143.72	347.12	227.67	207.8	154.17	329.05	296.36	251.53	138.6	334.44	263.65	237.43	149.61	306.82	280.03	266.59	158.67	314.17	255.24	194.34	201.78	296.67	238.66	234.81	194.01	315.51	253.72	198.92	211.25	298.75	257.44	219.68	213.01	330.06
239.14951	26.62	63.53	160.65	641.63	342.43	147.52	189.78	458.34	266.13	161.33	105.88	1189.4	379.52	180.04	249.04	1372.94	454.69	194.46	346.29	1637.28	280.6	198.95	231.85	1431.42	374.79	413.93	365.31	1190.29	203.64	310.52	279.85	1434.44	267.63	300.2	267.83	1335.14	291.87	343.33	201	48.32	1582.63	355.5	242.94	50.78	1751.8	530.38	301.18	71.54	1711.46	478.74	395.4	70.22	1561.57	472.48	406.86	53.74	1183.13	487.2	229.63	256.53	2523.61	424.47	247.63	269.45	2112.17	601.86	114.12	160.89	1058.75	612.12	210.11	209.78	1263.3
140.99493	159.08	286.68	644.37	795.58	791.77	392.61	641.88	779.61	864.98	749.26	552.4	1725.49	1025.1	740.96	615.26	1696.81	996.47	608.99	692.21	1764.68	790.61	622.07	665.67	1736.73	828.04	612.25	685.56	1692.96	798.93	641.3	637.99	1608.34	824.53	581.72	708.67	1661.71	812.43	644.68	583.62	292.03	1701.01	575.85	603.3	326.23	1675.15	709.51	681.39	332.04	1653.22	717.66	698.11	314.13	1683.36	664.21	655.79	322.81	1675.3	743.41	625.34	330.78	1279.16	713.39	593.22	340.34	1409.3	835.25	536.69	561.27	1418.23	834.56	530.61	590.5	1339.37
119.03401	115.38	215.73	354.03	479.32	327.64	250.17	320.68	455.17	350.11	285.72	291.81	710.9	431.69	281.14	319.42	726.72	423.32	232.07	334.54	748.74	461.81	217.9	357.3	751.76	432.06	399.87	425.53	687.3	415.99	380.95	452.14	674.46	360.39	361.94	447.2	706.28	321.18	329.71	267.79	118.22	757.88	353.06	324.84	165.12	825.25	402.54	364.47	175.02	840.18	444.19	374.48	165.79	836.8	427.29	401.04	161.35	846.16	483.85	333.26	260.34	1010.24	497.89	308.67	334.15	1085	483.62	349.73	312.01	680.16	519.83	328.7	267.69	702.14
425.04438	85.27	30341.56	35440.53	47418.28	38163.94	34293	36939.03	47975.88	37698.16	38387.5	35239.5	61247.66	43881.88	39638.47	35567.84	58866.84	45018.28	50015.31	44164.25	64337.75	44537.81	47012.25	44282.25	65547.31	46101.5	46398.06	43269.38	56111.44	39947.56	46779.44	46079.19	55930.31	40434.28	46835.5	43006.69	57295.22	42196.34	44509.22	38353.41	23239.03	58495.81	42818.53	39045.63	24986.47	58811.94	47347.31	44327.53	24459.31	54773.94	48316.18	42839	25797.61	52451.47	47170.97	45133.97	24791.05	54207.44	48000.72	40563.91	32677.06	59296.72	46285.47	37720.16	33906.59	57480.22	50157.59	38287.03	32852.16	52094.13	49816.5	38887.28	32636.51	51013.97
209.09205	111.13	2715.42	3740.64	6393.5	4348.55	3536.06	3851.2	6396.39	4554.14	3686.59	3544.96	6772.01	4709.65	3807.03	3510.16	6067.46	4931.26	3947.25	4337.76	7051.5	4552.91	3961.28	4291.23	6831.59	4739.89	4388.3	4634.18	6762.71	4013.94	4635.66	4652.25	6246.85	4052.43	4293.42	4675.52	6542.48	3909.06	4092.64	3594.12	2003.66	5918.91	3874.94	3514.19	1957.34	5691.04	4637.26	4451.99	2043.34	6452.61	4659.59	4506.56	2043.28	6456.97	4589.4	4387.31	2037.01	6588.65	4706.5	3732.54	3204.21	6699.14	4403.36	3633.72	3206.95	6325.41	4946.41	3224.01	2780.86	5986.76	4882.16	3342.26	2868.7	5527.06
209.09205	112	14828.36	16815.8	26612.34	17717.53	15714.97	16938.34	26455.64	18731.75	17747.38	17522.59	23394.48	19815.53	17735.2	17122.91	23329.2	19363.4	17532.91	17663.86	26519.21	19316.28	16744.67	16594.59	25916.69	19070.69	18484.84	15894.09	21344.98	14689.88	18408.63	15595.69	20648.45	15221.35	16286.2	17971.86	19507.89	14154.67	20291.39	17127.19	10022.63	24669.09	20210.25	16263.23	11268.23	25474.62	21851.02	17277.84	11118.13	23300.2	20764.49	19086.31	10488.48	22983.23	21181.66	19056.42	10952.33	23076.02	19467.16	13418.5	13841.97	29459.91	18043.16	14558.62	14890.79	25973.35	17753.02	12151.43	11840.13	19752.28	17872.53	11603.72	11568.98	20517.38
188.07042	105.99	540.27	302.6	244.25	355.85	457.46	336	261.21	309.03	345.81	381.05	100.4	277.05	337.83	404.3	92.82	270.03	426.05	415.83	80.11	303.36	382.71	412.01	105.53	287.5	408.12	357.32	136.75	328.65	376.42	389.27	157.38	367.4	401.29	390.21	145.74	378.86	336.9	384.08	446.31	99.84	327.55	327.01	474.91	124.41	331.77	354.89	501.98	157.15	314.4	356.9	574.5	165.21	325.38	332.18	523.91	177.43	351.1	389.67	569.87	206.97	375.22	381.68	562.64	209.36	310.53	418.63	427.79	231.34	273.16	373.24	467.31	230.92
302.30549	16.66	374.47	183.82	123.53	171.57	285.5	187.09	145.29	185.75	194.35	236.5	38.99	154.47	159.6	223.3	35.36	180.46	259.58	256.82	60.9	207.7	283.58	225.86	58.99	218.03	273.45	201.39	101.43	232.88	256.56	248.57	81.6	231.1	254.96	224.1	95.13	229.56	277.7	291.4	391.02	96.68	252.19	263.17	377.36	102.36	246.01	221.59	306.66	82.88	202.1	229.85	338.45	123.23	233.68	233.98	336.55	98.96	291.65	279.24	459.08	132.73	255.69	315.81	385.1	151.66	173.82	286.68	249.92	143.31	210.2	299.41	261.18	151.84
205.09699	107.52	95.28	72.96	32.26	67.58	80.14	73.9	25.31	44.02	84.91	89.46	11.34	61.74	94.07	88.03	0	84.3	111.48	103.42	0	83.93	110.08	86.85	15.78	78.54	79.9	58.42	9.98	96.24	83.93	63.67	17.2	87.61	81.53	95.51	7.25	80.44	86.98	115.45	194.26	26.92	93.3	122.86	172.53	8.73	73.87	97.06	128.74	22.19	77.91	99.31	140.95	9.79	79.86	75.58	176.37	0	73.3	101.71	105.17	0	75.99	91.75	96.36	0	35.14	106.11	126.77	0	51.1	128.12	148.59	25.15
181.07197	146.67	107.4	269.82	444.52	270.96	315.73	292.29	386.97	237.16	270.16	295.99	455.17	334.37	316.1	259.85	469.04	299.69	292.24	294.77	503.69	292.42	358.13	286.9	486.27	267.57	310.25	297.52	428.55	257.99	322.58	314.72	406.16	287.91	354.67	331.34	403.3	269.08	339.12	266.88	164.17	439.34	286.45	203.86	120.47	430.62	348.14	309.06	135.15	510.39	331.24	290.5	169.4	428.87	347.63	271.4	140.79	408.21	414.98	304.9	256.09	551.68	365.88	270.44	249.88	465.21	469.38	285.81	231.29	448.16	396.44	261.03	222.22	392.48
345.07731	114.85	103.62	206.05	411.32	316.29	107.15	176	475.77	326.98	121.92	203.81	493.82	384.85	99.46	194.14	470.18	363.24	83.11	215.49	711.03	380.48	103.04	209.18	658.4	364.2	167.44	186.31	507.74	235.94	161.9	191.35	476.57	219.73	158.76	206.28	447.52	258.9	91.8	121.24	106.72	585.61	97.55	159.32	118.17	645.4	99.35	194.5	123.69	554.5	105.35	190.45	118.48	536.27	103.78	211.5	103.41	559.3	89.22	151.9	195.09	727.82	108.1	127.94	177.83	703.75	126.53	119.66	137.5	412.63	113.82	135.5	151.88	343.02
123.0445	124.95	968.45	1219.83	1690.1	1138.46	1109.15	1263.98	1803.55	1117.54	1185.17	1174.57	1986.32	1216.08	1168.72	1210.79	1929.74	1119.39	1180	1252.78	2228.81	1111.84	1157.46	1246.5	2199.19	1111.21	1339.9	1362.09	1947.18	956.65	1282.08	1326.45	2018.89	1104.75	1287.23	1285.4	2084.33	1059.22	1148.44	973.29	643.88	1652.69	1055.53	1017.83	676.45	1608.94	1277.94	1115.25	712.39	1523.25	1227.59	1123.54	631.69	1412.42	1190.93	1172.22	630.89	1460.75	1216.49	986.72	977.25	1964.19	1326.49	1010.66	999.35	1881.58	1318.04	921.61	835.53	1452.95	1346.15	929.41	934.21	1447.17
159.05125	32.22	3047.02	3877.33	5890.45	3628.32	3662.31	4313.46	5661.82	3961.4	3990.4	3928.43	6068.52	3966.78	4109.27	4078.31	5820.42	3945.26	4243.5	4485.31	6157.54	3636.49	4008.61	4499.04	5909.98	3868.38	4736.67	4573.38	5934.41	3507.13	4746.12	4567.31	5745.85	3565.77	4498.97	4742.96	5705.22	3557.51	3797.68	3313.53	2118.39	4965.94	3408.15	3163.41	2110.49	5076.6	4272.08	3785.62	2281.91	5042.18	4196.81	3921.69	2362.06	4694.04	3961.67	3914.62	2301.56	4690.3	4475.63	3515.01	3527.5	5800.79	4349.96	3418.69	3647.85	5170.54	4429.11	3277.96	3146.08	4823.08	4501.25	3298.97	3119.5	4636.94
516.29917	150.42	515.74	718.2	1159.41	800.87	633.68	672.27	1276.37	821.87	737.13	743.87	1672.55	943.93	803.6	661.37	1565.7	924.47	748.47	763.32	1904.74	845.74	703.63	829	1854.97	836.7	751.95	679.78	1359.75	577.69	754.97	651.85	1395.86	610.84	683.18	696.75	1250.5	556.13	842.19	663.67	357.4	1493.14	853.72	665.11	232.35	1521.63	955.52	856.3	311.37	1444.69	891.86	870.95	373.82	1403.7	982.43	895.98	376.08	1402.41	835.06	497.71	498.13	1720.12	816.52	558.43	489.81	1575.24	878.07	481.63	416.34	1060.61	874.21	516.56	396.86	1062.57
472.43677	78.75	357.62	374.92	592.91	218.14	362.41	404.75	517.62	232.46	475.47	432.96	697.48	320.96	531.31	456.78	705.51	350.86	371.61	325.07	994.2	263.21	369.86	392.52	1043.77	271.02	734.1	421.65	748.43	196.38	744.04	392.58	768.51	178.72	700.25	435.25	722	175.25	329.87	291.8	113.02	657.74	269.33	322.11	125.73	713	420.74	279.82	138.92	554.22	381.44	318.11	129.4	551.44	479.55	317.43	151.35	565.05	613.6	251.63	207.08	1197.92	555.97	241.61	213.77	1096.27	549.32	190.85	188.58	612.5	531.54	173.38	191.22	559.93
460.19325	40.71	2015.61	2465.32	2851.4	1937.09	2219.94	2358.71	2814.91	1937.2	2075.25	2047.55	2711.25	2548.44	2094.26	2093.9	2632.24	2585.05	1431.19	2116.31	3223.3	2362.19	1793.63	2199.58	3033.18	2614.33	2327.88	2472.39	2983.37	2329.93	2218.41	2486.84	2847.96	2324.8	2355.75	2445.39	2996.66	2327.78	2875.74	2422.71	1548.66	4158.44	2895.89	2470.9	1582.3	3403.18	2656.86	2424.1	1258.93	3297.85	2666.08	2325.03	1265.14	3086.35	2597.03	2556.46	1390.13	2781.88	2692.55	2398.06	2195.49	3680.62	2842.38	2240.22	2258.03	3273.49	2875.79	2021.47	1681.45	2900.49	2877.28	2021.76	1670.74	2772.72
183.0782	113.46	815.23	1156.94	1686.93	1177.36	1017.67	1024.19	1629.38	1288.32	1218.37	1246.03	1500.56	1197.15	1133.83	1122.5	1454.01	1226.68	762.12	1137.97	1636.57	1157.57	803.95	1027.69	1605.93	1355.96	1093.32	1200.77	1371.1	1049.05	1128.98	1164.86	1323.06	1095.38	1148.28	1163.27	1364.09	1082.86	1246.79	1061.65	566.37	1676.01	1313.55	1032.51	667.44	1708.62	1382.78	1175.84	665.94	1543.93	1383.55	1152.15	681.37	1464.56	1303.2	1271.33	750.59	1406.46	1434.22	1073.24	1101.01	1855.79	1421.19	1099.64	1093.63	1795.62	1436.46	1044.49	868.13	1505.5	1346.31	1001.36	904.04	1517